# t = 1
# W = 300
# L = 100
# xic = 1.1516471649044517
# plate_distance = 18.426354638471228
# E_dis = 0.03769911184307752
# E_img = 5.427009409187008
# omB0 = 0.37699111843077515
# iter_dis = 1
# Ncore = 5
arrE G0 GIMG
1.1309733552923253 5.999997435681298 5.99998396065193
1.1318340656083774 5.999996996298189 6.054058476571887
1.1326947759244295 5.99999633913348 5.999913445689897
1.1335554862404813 5.99999557018741 6.00055386366433
1.1344161965565334 5.999994794330354 6.0000629590576855
1.1352769068725854 5.999994104040575 5.999913532455635
1.1361376171886375 5.999993567492138 5.999980787933578
1.1369983275046895 5.999993214889312 5.999928882299112
1.1378590378207414 5.999993019361553 5.999894258685151
1.1387197481367934 5.999992864389621 5.999854251377308
1.1395804584528455 5.999992497744124 5.999841724282479
1.1404411687688973 5.999991562934127 6.0002198437401395
1.1413018790849494 5.999989873183646 6.00056804087842
1.1421625894010015 5.999990976836281 6.0001747468203455
1.1430232997170533 5.999992239562376 6.020428762796632
1.1438840100331054 5.999992621497757 6.001903539115574
1.1447447203491574 5.99999302794057 6.003541409742941
1.1456054306652095 5.999993582257759 6.00008608235848
1.1464661409812615 5.999994262431618 6.000734399225967
1.1473268512973134 5.999994999672168 6.002846868208397
1.1481875616133654 5.999995707100414 6.002638834043977
1.1490482719294175 5.999996294741574 6.0067661816722415
1.1499089822454693 5.999996702573657 6.02015305184478
1.1507696925615214 5.99999691851517 6.025693764957037
1.1516304028775735 5.9999969265874915 6.052419306565257
1.1524911131936253 5.999996679691726 6.007116439609862
1.1533518235096774 5.999996142599318 6.017891931714079
1.1542125338257294 5.999995350160198 6.001360099828049
1.1550732441417815 5.999994474897101 6.169717162079958
1.1559339544578335 5.999993785212954 6.20966277003299
1.1567946647738854 5.999993346538793 6.116212104058195
1.1576553750899374 5.999992961333701 6.054949801854006
1.1585160854059895 5.999992496946002 6.31204110694404
1.1593767957220413 5.999991958359238 6.0655290813775755
1.1602375060380934 5.999990972261669 6.166199598256695
1.1610982163541452 5.999992434892458 6.064611934129498
1.1619589266701973 5.999993658235297 6.015051501029011
1.1628196369862493 5.999993716146356 6.002882883460724
1.1636803473023014 5.999993791579292 6.040243001484824
1.1645410576183535 5.999993230657739 6.0104504839088735
1.1654017679344053 5.9999939124463255 6.016065891767403
1.1662624782504574 6.000023611645176 6.000775597610021
1.1671231885665094 6.003391229036312 5.99999574895407
1.1679838988825615 6.01610974199552 5.999992503021004
1.1688446091986133 6.651149037513899 5.999997821894142
1.1697053195146654 6.262683412216309 5.999996433505076
1.1705660298307172 6.800761304849308 5.9999974359392825
1.1714267401467693 7.850656014899129 5.999993864353175
1.1722874504628213 7.129938074145093 5.999998033068162
1.1731481607788734 6.843084368334988 5.999992986475793
1.1740088710949255 7.589047617718406 5.999995007867757
1.1748695814109773 7.501843323277842 5.999998204016942
1.1757302917270294 7.685503300551881 5.9999947014668935
1.1765910020430814 7.21268162048614 5.99999069868041
1.1774517123591333 7.0551341813221855 5.999992309506933
1.1783124226751853 7.0348216775018 5.999995835606277
1.1791731329912374 7.021018796999287 5.999991962784652
1.1800338433072892 7.06978158494354 5.999986663984992
1.1808945536233413 6.999896745703869 5.999991846211582
1.1817552639393933 6.9999140509248345 5.999996435032801
1.1826159742554454 6.999947273686497 5.999998061819561
1.1834766845714975 6.9999135899135005 5.999997056955136
1.1843373948875493 6.999966115197619 5.999995420601538
1.1851981052036014 6.999946726039853 5.999994827750692
1.1860588155196534 6.99992013745205 5.99999562682965
1.1869195258357053 6.999971997114716 5.999997061836083
1.1877802361517573 6.999962307637772 5.999998105764078
1.1886409464678092 6.999944880267223 5.999998191685649
1.1895016567838612 6.9999701419291265 5.999997457532749
1.1903623670999133 6.999969657600432 5.999996518072666
1.1912230774159653 6.99994162731688 5.999996018538834
1.1920837877320174 6.999949039120997 5.999996257008445
1.1929444980480692 6.9999850083262976 5.999997050230219
1.1938052083641213 6.999989269516072 5.999997860583175
1.1946659186801734 6.999954562417637 5.999998081001749
1.1955266289962254 6.999931973712373 5.999997327064791
1.1963873393122773 6.999947164594216 5.999995605705612
1.1972480496283293 6.999965166225094 5.9999932751185785
1.1981087599443812 6.999943225148265 5.999990420832584
1.1989694702604332 6.999901427401084 5.999994667904606
1.1998301805764853 6.999939955351355 5.999997003496318
1.2006908908925373 6.999969843877149 5.999997629388683
1.2015516012085894 6.9999601596647665 5.999997336014056
1.2024123115246412 6.99994552372946 5.999996806446351
1.2032730218406933 6.99995009146367 5.999996466741923
1.2041337321567454 6.999971701765966 5.999996508844683
1.2049944424727974 6.999991787901758 5.999996916060248
1.2058551527888492 6.999995833602654 5.99999752984397
1.2067158631049013 6.999984648984963 5.999998137715738
1.2075765734209531 6.999970330545026 5.99999855527865
1.2084372837370052 6.999964432670691 5.999998681644219
1.2092979940530573 6.9999694539970765 5.999998518596867
1.2101587043691093 6.999979109323767 5.999998155149723
1.2110194146851614 6.999985007512235 5.999997727699934
1.2118801250012132 6.999983389893198 5.999997370253599
1.2127408353172653 6.9999770374832515 5.999997169050463
1.2136015456333173 6.99997187377357 5.9999971319173335
1.2144622559493692 6.999971541217066 5.999997175610078
1.2153229662654212 6.999974110930897 5.999997120804932
1.216183676581473 6.999973290454467 5.999996629889844
1.2170443868975251 6.999963398596605 5.999996130493478
1.2179050972135772 6.999948996939452 5.999995727265637
1.2187658075296293 6.9999322357914995 6.0000273378328774
1.2196265178456813 6.999971673861839 6.0006448482599595
1.2204872281617332 6.99998851887787 6.002834719538916
1.2213479384777852 6.999991598980081 6.012438391078146
1.2222086487938373 6.999985284920936 6.036310157516606
1.2230693591098893 6.9999760255378085 6.129894004171556
1.2239300694259412 6.999969797566596 6.22748442607576
1.2247907797419932 6.9999697797548635 6.046691416618433
1.225651490058045 6.999975615943683 6.062241931134161
1.2265122003740971 6.999984277290955 6.557966713947325
1.2273729106901492 6.999991839977082 6.265167481330047
1.2282336210062013 6.999995338335917 6.612026224086279
1.2290943313222533 6.999993910516805 6.647437695338794
1.2299550416383054 6.999988886292385 6.645249494532166
1.2308157519543572 6.999982972707354 6.870984810750918
1.2316764622704093 6.999978844765595 6.806128962227183
1.2325371725864613 6.999977781530779 6.406030450636893
1.2333978829025132 6.999979342363528 6.28960172279396
1.2342585932185652 6.9999818970568395 6.460474997360974
1.235119303534617 6.999983320618439 6.423997873141952
1.2359800138506691 6.999981380458563 6.390347472049288
1.2368407241667212 6.999975939306224 6.606268622877824
1.2377014344827733 6.999965936222541 6.647823660237334
1.2385621447988253 6.999967980855663 6.791835647380439
1.2394228551148772 6.999977456120844 6.950440578908611
1.2402835654309292 6.999982028923959 6.958019824877948
1.2411442757469813 6.999983781537585 6.772034757711922
1.2420049860630333 7.000003286402527 6.715481548098334
1.2428656963790852 7.012356713770981 6.659591093388064
1.2437264066951372 7.023833901051731 6.4763721414102635
1.244587117011189 8.09111620656109 6.665754301098118
1.2454478273272411 7.293994154554537 6.795322096068316
1.2463085376432932 8.207118410667436 6.766417174112449
1.2471692479593453 8.142940082736336 6.878052692101674
1.248029958275397 8.294504298137326 6.871367170852538
1.2488906685914491 8.316943170506846 6.911921494169007
1.2497513789075012 8.216618784813203 6.811627700291173
1.2506120892235533 8.473899477271907 6.867022924201736
1.2514727995396053 8.842434633237108 6.990298065233393
1.2523335098556572 8.205726531669248 6.965645104559528
1.253194220171709 8.055397222760503 6.903927497405258
1.254054930487761 8.031529097268098 6.946515925010701
1.2549156408038131 8.00004002021769 6.951330367472479
1.2557763511198652 7.999855214811954 6.934299509205425
1.2566370614359172 7.999885111737973 6.982306601851742
1.2574977717519693 7.999855033390732 6.94646815479856
1.2583584820680211 7.999929822355332 6.955723553394587
1.2592191923840732 7.999898818805845 6.969284858938985
1.2600799027001253 7.999961732517464 6.914821337433333
1.260940613016177 7.999911396422489 6.924818469318963
1.2618013233322292 7.999934859032082 6.970877420622638
1.262662033648281 7.999973774920239 6.992185348063632
1.263522743964333 7.999947415686462 6.998442588946981
1.2643834542803851 7.999950406967623 6.983666479005103
1.2652441645964372 7.999972330181173 6.95747083178532
1.2661048749124892 7.999952706421688 6.995081830725291
1.266965585228541 7.999931930957591 6.863706079272368
1.2678262955445931 7.999956464446428 6.882755511298093
1.2686870058606452 7.999986088145 6.939667953208829
1.2695477161766973 7.99997173720648 6.981252730940594
1.270408426492749 7.999936364361139 6.900995660478887
1.2712691368088012 7.999930713373729 6.919658738658882
1.272129847124853 7.999954387712626 6.992710911321853
1.272990557440905 7.99996083747732 6.981831714122673
1.2738512677569571 7.999926502916273 6.95904507810086
1.2747119780730092 7.999875879427052 6.994557330416819
1.275572688389061 7.999948778459333 6.992435715288331
1.276433398705113 7.999955191840947 6.995464188118224
1.2772941090211651 7.999936586640633 6.9705421297985515
1.2781548193372172 7.999935132630996 6.990492296189693
1.2790155296532693 7.999950125530703 6.995228050187388
1.279876239969321 7.999974119754057 6.998642630873436
1.2807369502853732 7.999988822694291 6.969300837850626
1.281597660601425 7.999985904999105 6.98347067910214
1.282458370917477 7.999972142127018 6.993633008800691
1.2833190812335291 7.999960936307644 6.991583048436584
1.2841797915495812 7.999960694384848 6.9953815877823935
1.2850405018656332 7.999969699697831 6.992201827129262
1.285901212181685 7.99997964773308 6.993975878359641
1.2867619224977371 7.999983204157956 6.998870479491295
1.2876226328137892 7.99997923442971 6.998845366938643
1.2884833431298413 7.999972428978829 6.998996142846288
1.289344053445893 7.999968607079736 6.998944218526297
1.290204763761945 7.999969716178041 6.999884283713605
1.291065474077997 7.999972140129593 6.998600053555601
1.291926184394049 7.999969282711215 6.999561853918907
1.292786894710101 7.999956448995215 6.999057573479046
1.2936476050261532 7.999933862343635 6.999732567643351
1.294508315342205 7.999947808143568 6.999466751811068
1.295369025658257 7.999975122244936 7.000277483364941
1.2962297359743091 7.999985322840349 7.045739042197199
1.2970904462903612 7.999979426234964 7.010479350476502
1.297951156606413 7.999971378167238 7.213547445192699
1.298811866922465 7.999963050612424 7.118897486898843
1.299672577238517 7.999960099362941 7.117506336519906
1.300533287554569 7.999964209582611 7.040487534545642
1.301393997870621 7.999973505132839 7.1287519218005
1.302254708186673 7.999984040503483 7.444711065063629
1.303115418502725 7.99999182933298 7.301490468241101
1.303976128818777 7.99999451120651 7.861663495356606
1.304836839134829 7.999992055029492 7.560647662068957
1.3056975494508811 7.999986390677153 7.779373086195845
1.3065582597669332 7.9999803032339845 7.860202292483405
1.307418970082985 7.999976154478165 7.659785894814308
1.308279680399037 7.999974968457431 7.316827426566373
1.309140390715089 7.999976190180401 7.3302953890035685
1.310001101031141 7.999978116653062 7.505443211466754
1.310861811347193 7.999978728874319 7.376092002925621
1.311722521663245 7.999976491805826 7.459648850375677
1.3125832319792972 7.999970539588573 7.652839891358925
1.313443942295349 7.999955872673007 7.672189191266536
1.314304652611401 7.9999717472963745 7.888706213460236
1.3151653629274531 7.999978274029412 7.954568563552794
1.3160260732435052 7.999978490467443 7.913776774101145
1.316886783559557 7.999972760129605 7.707406566558674
1.317747493875609 7.999974132933809 7.7444971248402315
1.318608204191661 7.999975900863425 7.552412006031167
1.319468914507713 7.999978887339891 7.505312216723216
