# t = 1
# W = 200
# L = 200
# alpha0 = 0.003
# xic = 3.641828101973597
# plate_distance = 72.83656203947194
# E_dis = 0.0011309733552923255
# E_img = 27.458736985913067
# omB0 = 0.03769911184307752
# Zeeman0 = 0.012566370614359173
# T = 0.00047123889803846896
# Nelect_0 = 1188.03
# Nelect_img = 237.606
# iter_dis = 1
# Ncore = 50
alpha G0 GIMG
0.003 10.03103629327508 7.061113809421668
0.003033444816053512 10.006872526031374 6.755099929007986
0.0030668896321070236 9.999232259571658 6.721206154103636
0.0031003344481605353 9.998813499985657 6.660411788550527
0.003133779264214047 9.996118535978765 6.640966709478358
0.003167224080267559 9.998672473272121 6.780865648305066
0.00320066889632107 9.972393361915856 6.6594233614832365
0.003234113712374582 9.843775054167756 6.318099698876449
0.0032675585284280937 9.332898266861513 5.969986303399866
0.0033010033444816054 9.373296455801444 6.646715204987248
0.003334448160535117 9.143942837528948 6.107524173204181
0.003367892976588629 8.999082964073871 5.981543595956938
0.0034013377926421407 8.998936419111768 6.274906512766685
0.0034347826086956524 8.998488745838559 5.976637136277887
0.003468227424749164 8.998351734599161 5.976758485802182
0.0035016722408026755 8.96783553626625 5.96939188334363
0.0035351170568561872 8.552316326993058 5.964840611447264
0.003568561872909699 8.639316767321295 5.955304002323788
0.0036020066889632107 8.608065429446494 5.95491665757975
0.0036354515050167225 8.354206642453839 5.958202712799784
0.0036688963210702343 8.098015183274903 5.954774763160405
0.003702341137123746 8.079627337190546 5.955275337113928
0.0037357859531772578 7.999192492997367 5.945876360045393
0.0037692307692307695 8.024634246379277 5.959918769557416
0.0038026755852842813 7.999372414083255 5.928124547358844
0.003836120401337793 7.999494009288514 5.912652741439218
0.0038695652173913048 7.999355783175229 5.906018377746976
0.0039030100334448165 7.999253316739402 5.91143036944794
0.003936454849498328 7.993678440683876 5.916703197699578
0.00396989966555184 7.918237254278011 5.907902295536963
0.004003344481605352 7.720294720462323 5.92800091143756
0.0040367892976588635 7.972759412787335 5.922268929527361
0.004070234113712375 7.758851298050028 5.87797401849058
0.004103678929765887 7.809876017508216 5.885581056907266
0.004137123745819399 7.4503212049043865 5.891625715682057
0.00417056856187291 7.305231287612127 5.859239834426283
0.004204013377926421 7.376648342473958 5.7719970089863395
0.004237458193979933 7.398918122516903 5.801275690445286
0.004270903010033445 7.127728827579545 5.748081795647212
0.004304347826086957 7.066128743803418 5.660170153666628
0.0043377926421404684 6.999151232782539 5.6702499430656506
0.00437123745819398 6.999164585583015 5.730646850155902
0.004404682274247492 6.998232057723374 5.60256647934748
0.004438127090301004 6.949171723384678 5.763962819732198
0.0044715719063545155 6.999273420233899 5.677078420750015
0.004505016722408027 6.977952951641654 5.6385861328426135
0.004538461538461539 6.90553133801065 5.241942036850455
0.004571906354515051 6.948407919136255 5.454422224751595
0.0046053511705685625 6.933235506536022 5.1477397131243965
0.004638795986622074 6.855642701719326 5.349900983895267
0.004672240802675586 6.702171185287808 4.939791803289823
0.004705685618729097 6.677075970855067 4.929235518026074
0.004739130434782609 6.4108438637585206 4.9035585032470355
0.00477257525083612 6.207192204795468 4.9281083795118485
0.004806020066889632 6.391838379853044 4.909220547101757
0.004839464882943144 6.193271922226475 4.9138696890172
0.004872909698996656 6.130732967833367 4.8918622408550805
0.004906354515050167 6.098639705324648 4.906061753752048
0.004939799331103679 6.0746126217048975 4.8825478996485
0.004973244147157191 6.030552057558762 4.880811646713126
0.005006688963210703 5.9997391643764635 4.8331674621103975
0.005040133779264214 5.999759270080528 4.7801015614098805
0.005073578595317726 5.999774890611504 4.825766065820172
0.005107023411371238 5.999606733511309 4.759885560559736
0.00514046822742475 5.999458756114457 4.767278774838882
0.005173913043478261 5.999486295682512 4.728043331945631
0.005207357859531773 5.9992784998732525 4.7204488183378785
0.005240802675585285 5.999334512806021 4.7273716283036595
0.005274247491638797 5.995811060175653 4.70346683991308
0.005307692307692308 5.989295573340813 4.426269149448267
0.00534113712374582 5.97924443347017 4.6198846448493285
0.005374581939799332 5.930473445362039 4.625197946102178
0.005408026755852844 5.954857380472603 4.5701436024049835
0.005441471571906355 5.841377712287065 4.003134860681222
0.005474916387959867 5.833027689510512 4.035598215801526
0.005508361204013379 5.90976957210444 4.003777727233861
0.005541806020066891 5.55174357583443 3.9978662199779205
0.005575250836120402 5.570988332831004 4.000548883311125
0.005608695652173914 5.656526864595948 3.9984892531869254
0.005642140468227426 5.449752002700908 3.997854057984654
0.005675585284280937 5.466836302603651 3.997876964708024
0.005709030100334449 5.382639527174928 3.998020407264283
0.00574247491638796 5.280808364133061 3.998168813992053
0.005775919732441472 5.2463559603019645 3.9976959930697484
0.005809364548494984 5.272808890987438 3.997842557199445
0.005842809364548496 5.289543080194556 3.997267132350616
0.005876254180602007 5.213219495373543 3.996351381735795
0.005909698996655519 5.047641410920049 3.997148792394175
0.005943143812709031 5.074188085879093 3.9972164010833975
0.005976588628762543 5.133701928769634 3.9971476581918775
0.006010033444816054 5.023761059786907 3.9970457062158165
0.006043478260869565 4.999659764592355 3.996118922563122
0.006076923076923077 5.003592332779396 3.9957747938055173
0.006110367892976589 4.999798950460164 3.996138861528362
0.0061438127090301005 4.999734563470668 3.995819627939432
0.006177257525083612 5.0010752006958255 3.995753974223238
0.006210702341137124 4.970039315360355 3.9944995521520212
0.006244147157190636 4.96096291138037 3.9957389619509405
0.0062775919732441475 4.998684143092004 3.9948175157962877
0.006311036789297659 4.991480496898132 3.994996841114204
0.006344481605351171 4.911742219808735 3.994567254282925
0.006377926421404683 4.979645245121534 3.990190704742356
0.0064113712374581945 4.945103085917139 3.995206839818688
0.006444816053511706 4.89723032642439 3.993946537886321
0.006478260869565218 4.895087523849632 3.988916874119385
0.00651170568561873 4.96481229068496 3.988624586879316
0.0065451505016722415 4.822280040478317 3.988614845408498
0.006578595317725753 4.799830098076917 3.990277600812334
0.006612040133779265 4.7502596165511 3.9912876818245673
0.006645484949832777 4.615307046730406 3.9892545420121333
0.0066789297658862885 4.694121218630427 3.988507043606563
0.0067123745819398 4.623296732178842 3.9880734003138696
0.006745819397993312 4.603092086653439 3.988106663474954
0.006779264214046824 4.515298371067297 3.9807594366488077
0.0068127090301003355 4.63208490111089 3.983533639613004
0.006846153846153847 4.330850159982935 3.975682903799108
0.006879598662207359 4.5724296880011295 3.98009370534841
0.006913043478260871 4.421104988727086 3.979587740767266
0.006946488294314382 4.386248491842607 3.979214102415872
0.0069799331103678934 4.3239862196182 3.9770993659819354
0.007013377926421405 4.1991470500991355 3.9787728433806544
0.007046822742474917 4.177888177849786 3.9714440273800924
0.007080267558528429 4.3256265813967865 3.975401296865829
0.0071137123745819405 4.234257745465103 3.9721757828106887
0.007147157190635452 4.217646181379131 3.964878507184787
0.007180602006688964 4.059217803166399 3.960049506389392
0.007214046822742476 4.065806046347805 3.970506577643027
0.0072474916387959875 4.0401221565576595 3.9464888924156902
0.007280936454849499 4.082178635248084 3.9442402944141803
0.007314381270903011 4.014048381909198 3.955303084010432
0.007347826086956523 4.025615711663312 3.9556386151510945
0.0073812709030100345 4.038494255741448 3.943241402781381
0.007414715719063546 4.016596048854328 3.951602456222608
0.007448160535117058 4.005213275525326 3.954146770192162
0.00748160535117057 3.999893760452799 3.93113910766457
0.0075150501672240815 3.9999173638671537 3.933212498604247
0.007548494983277593 3.9998901953313384 3.9409825963997873
0.007581939799331105 3.999820778929104 3.9206983722134185
0.007615384615384617 3.999877505645317 3.876367171093465
0.007648829431438128 3.9998510048910685 3.931498166979183
0.007682274247491639 3.9999115129594163 3.8743741135710446
0.007715719063545151 3.9996650575024084 3.8696929130354385
0.007749163879598663 3.9996899050227572 3.8837486211445666
0.007782608695652175 3.999816222260646 3.8987156585823857
0.007816053511705686 3.999698892125598 3.845486906402696
0.007849498327759198 3.996236983173845 3.8911260704688284
0.00788294314381271 3.9995180622492836 3.842516432170633
0.007916387959866222 3.999492358138851 3.842199020069855
0.007949832775919733 3.999302069484091 3.7681499772783353
0.007983277591973245 3.9988866190340175 3.7606985781946944
0.008016722408026757 3.9709511908396946 3.7500487581540107
0.008050167224080269 3.996850255115032 3.7008443779811406
0.00808361204013378 3.996154304855907 3.7796144463213532
0.008117056856187292 3.9867656307199644 3.829362734023118
0.008150501672240804 3.960095732056665 3.607501898889302
0.008183946488294316 3.8878787724307053 3.764292757525163
0.008217391304347827 3.953879060819564 3.694006610173395
0.00825083612040134 3.9366955862204303 3.6171899836506096
0.008284280936454851 3.890316629300785 3.6208236891186933
0.008317725752508363 3.902776042178239 3.3667264217703834
0.008351170568561873 3.779800443665389 3.3595137861314104
0.008384615384615386 3.871297104530017 3.488904598139339
0.008418060200668896 3.840428352835808 3.4340186556361245
0.00845150501672241 3.8083388066615824 3.482342759028793
0.00848494983277592 3.7812404776316653 3.381448242493052
0.008518394648829433 3.7685500286136913 3.2978122179483997
0.008551839464882943 3.786174680508509 3.02650707361592
0.008585284280936457 3.664054472010896 2.9981180102025875
0.008618729096989967 3.7516457146883635 3.0007939449637497
0.00865217391304348 3.72192732159085 3.066177649861656
0.00868561872909699 3.5761940188160173 2.9917377809674432
0.008719063545150504 3.7297277382331 2.9984072258860923
0.008752508361204014 3.6324697076561954 2.988242678471376
0.008785953177257527 3.5034366554321874 2.990965781298862
0.008819397993311037 3.5932761292958366 2.992023437670266
0.00885284280936455 3.693628408704686 2.99146678203728
0.00888628762541806 3.498116610353933 2.988585695620195
0.008919732441471574 3.492435892496927 2.989542072652204
0.008953177257525084 3.423117108884209 2.9901533806281533
0.008986622073578598 3.421748557354209 2.9902820300537942
0.009020066889632108 3.3963159458114998 2.989388480909069
0.009053511705685621 3.3871441641680504 2.9885281455933286
0.009086956521739131 3.283226386277727 2.98946331297435
0.009120401337792643 3.3074244993293362 2.9880906128951814
0.009153846153846155 3.3197005931081205 2.9771820985575808
0.009187290969899667 3.389600324529 2.9814682337354252
0.009220735785953178 3.234543913734833 2.98384269580005
0.00925418060200669 3.259880400067623 2.988128574416111
0.009287625418060202 3.2543021537198533 2.965662688208684
0.009321070234113714 3.283498756449293 2.9800782976166484
0.009354515050167225 3.2832737294877825 2.975488571264166
0.009387959866220737 3.2987982710730575 2.976279157595774
0.009421404682274249 3.300718872580317 2.975234021304441
0.00945484949832776 3.1775740741204928 2.955843621523365
0.009488294314381272 3.2166624395112926 2.969980562071504
0.009521739130434784 3.1156099593569744 2.9575018984962678
0.009555183946488296 3.0773661164427693 2.973307906916466
0.009588628762541808 3.13038000534864 2.9593467988474758
0.00962207357859532 3.1202262773350133 2.970775804223325
0.009655518394648831 3.121463451295786 2.955392506929646
0.009688963210702343 3.1064240868795863 2.9562717373142244
0.009722408026755855 3.041228214861622 2.9230392958409928
0.009755852842809366 3.0832222790685377 2.9484208827862894
0.009789297658862876 3.111641608367941 2.950961107941157
0.00982274247491639 3.0447227807771005 2.9464361462347535
0.0098561872909699 3.0529942186721852 2.896651605749441
0.009889632107023413 3.048232627640512 2.9466820860525336
0.009923076923076923 3.0448992551945318 2.91159891607346
0.009956521739130437 3.0382266958470563 2.9105883043570118
0.009989966555183947 3.01264043225545 2.9292205997515337
0.01002341137123746 3.0035901516037584 2.948390430425811
0.01005685618729097 3.006948225182758 2.9093064921800207
0.010090301003344484 3.010256214740645 2.919509733013006
0.010123745819397994 3.002681806177852 2.894833306003228
0.010157190635451507 3.001105611261445 2.8813290856937273
0.010190635451505017 2.999922140429021 2.8872878738993664
0.01022408026755853 3.0015524706656134 2.905048741162595
0.010257525083612041 2.999817256334739 2.8267558995521576
0.010290969899665554 2.999928951006233 2.8783003623073036
0.010324414715719064 2.9997878377677973 2.815018461029245
0.010357859531772578 2.99984889354035 2.8219739979012153
0.010391304347826088 2.9998557151892733 2.8285699141360823
0.010424749163879601 2.9995168198841675 2.853986414686952
0.010458193979933111 2.9994557679396316 2.84688476623974
0.010491638795986625 2.999581751047769 2.810320349561931
0.010525083612040135 2.9992405221606235 2.800826536918938
0.010558528428093647 2.9944733423119008 2.771991072411754
0.010591973244147158 2.998262034881756 2.7762308903281525
0.01062541806020067 2.997619523051155 2.780037839848794
0.010658862876254182 2.998605498960787 2.7285159534350414
0.010692307692307694 2.9706276872036304 2.6663681441465545
0.010725752508361205 2.9791351676695124 2.711038804780387
0.010759197324414717 2.9820488042243567 2.5814321358530274
0.010792642140468229 2.9633575758489474 2.54833442007467
0.010826086956521742 2.943258538571024 2.5843775915432845
0.010859531772575252 2.936343016291907 2.678475981577794
0.010892976588628762 2.9589173217255773 2.4970855681619573
0.010926421404682276 2.979122241994807 2.2645378619066023
0.010959866220735786 2.9559884953581532 2.6388215560326627
0.0109933110367893 2.933651539966568 2.593498184876571
0.01102675585284281 2.892896301771003 2.3907401506245596
0.011060200668896323 2.9207123694305643 2.4413281974235277
0.011093645484949833 2.9565177430242584 2.419335648666472
0.011127090301003346 2.8702354684485902 2.0048230532025166
0.011160535117056856 2.865666133120054 2.320651486209646
0.01119397993311037 2.904695884986554 2.1638152738061756
0.01122742474916388 2.8509504532013583 2.010903982610904
0.011260869565217393 2.8351491656999905 2.0012048051947575
0.011294314381270903 2.8409926626892674 2.0125503870273147
0.011327759197324417 2.8403699261271718 2.334594174623619
0.011361204013377927 2.850617534251614 2.009326407954131
0.01139464882943144 2.8497894830517314 2.0000257772836414
0.01142809364548495 2.766088314966196 1.9999795592718492
0.011461538461538464 2.7850141123580805 1.9999788757293124
0.011494983277591974 2.729968225218537 2.0002120906351517
0.011528428093645487 2.726263434000783 1.9999798201114845
0.011561872909698998 2.748557479080122 1.9999664018640924
0.011595317725752511 2.7709743645362286 1.9999719855833866
0.011628762541806021 2.774050673561362 1.9999738927395432
0.011662207357859534 2.6869059292532596 1.999965517132913
0.011695652173913045 2.739548475445413 1.999965142669012
0.011729096989966558 2.678463063840023 1.9999775879720874
0.011762541806020068 2.647960067741695 1.999965360870687
0.011795986622073582 2.691933093089683 1.999969937970113
0.011829431438127092 2.6453780284645294 1.9999662101177966
0.011862876254180605 2.597128805276124 1.999967267907901
0.011896321070234115 2.7121058449040616 1.9999677063862114
0.011929765886287629 2.6682802026536647 1.999969483989859
0.011963210702341139 2.6757860359499914 1.9999806957627002
0.011996655518394652 2.5365408247108814 1.999963889485533
0.012030100334448162 2.5536766743659918 1.9999668887628694
0.012063545150501676 2.609170210414935 1.9999779905833914
0.012096989966555186 2.591971605061314 1.9999624458047955
0.012130434782608699 2.608048085181004 1.9999805811791125
0.012163879598662209 2.665520050749229 1.9999589103977904
0.012197324414715723 2.5252314793898614 1.9999786348035704
0.012230769230769233 2.5805135185679893 1.9999778860835278
0.012264214046822746 2.518625594678391 1.999963570392598
0.012297658862876256 2.487675052086032 1.9999817455279962
0.012331103678929766 2.4495011988892417 1.9999797263906678
0.01236454849498328 2.4111624882077005 1.9999595422722116
0.01239799331103679 2.430789642545016 1.9999753323729845
0.012431438127090303 2.435523244885942 1.9999803645804408
0.012464882943143813 2.505631015883468 1.999981283161753
0.012498327759197327 2.4040036157822633 1.9999743643625947
0.012531772575250837 2.356864118524222 1.9999714736313057
0.01256521739130435 2.402017779140388 1.9999744166392261
0.01259866220735786 2.473018646317737 1.999956858184683
0.012632107023411374 2.3749241267989394 1.9999476907042126
0.012665551839464884 2.4313012997557615 1.999981254550792
0.012698996655518397 2.4443694460100085 1.999962738670227
0.012732441471571907 2.3817230834908667 1.9999460716317257
0.01276588628762542 2.364541997223175 1.9999710529266976
0.01279933110367893 2.3066403258748167 1.999972422644675
0.012832775919732444 2.342975898900138 1.999981186687515
0.012866220735785954 2.2939222125936203 1.9999642386095788
0.012899665551839468 2.3442783030902903 1.9999730203152335
0.012933110367892978 2.317894712335252 1.9999713168005635
0.012966555183946491 2.3237696114913917 1.9999496045422251
0.013000000000000001 2.3257899909810296 1.9999468774775944
