# Data file for U(x)
# mu = 26.007976810510396
# omB = 10.56
# Columns:
# 1) x
# 2) U(x)
# 
-9.99900000e+02 1.15161252e+04
-9.99099760e+02 1.14515581e+04
-9.98299520e+02 1.13734184e+04
-9.97499280e+02 1.12913311e+04
-9.96699040e+02 1.12088772e+04
-9.95898800e+02 1.11273413e+04
-9.95098559e+02 1.10471118e+04
-9.94298319e+02 1.09682343e+04
-9.93498079e+02 1.08906334e+04
-9.92697839e+02 1.08142001e+04
-9.91897599e+02 1.07388238e+04
-9.91097359e+02 1.06644043e+04
-9.90297119e+02 1.05908531e+04
-9.89496879e+02 1.05180938e+04
-9.88696639e+02 1.04460598e+04
-9.87896399e+02 1.03746932e+04
-9.87096158e+02 1.03039428e+04
-9.86295918e+02 1.02337637e+04
-9.85495678e+02 1.01641155e+04
-9.84695438e+02 1.00949624e+04
-9.83895198e+02 1.00262715e+04
-9.83094958e+02 9.95801334e+03
-9.82294718e+02 9.89016078e+03
-9.81494478e+02 9.82268895e+03
-9.80694238e+02 9.75557487e+03
-9.79893998e+02 9.68879727e+03
-9.79093758e+02 9.62233631e+03
-9.78293517e+02 9.55617348e+03
-9.77493277e+02 9.49029140e+03
-9.76693037e+02 9.42467370e+03
-9.75892797e+02 9.35930494e+03
-9.75092557e+02 9.29417047e+03
-9.74292317e+02 9.22925640e+03
-9.73492077e+02 9.16454944e+03
-9.72691837e+02 9.10003693e+03
-9.71891597e+02 9.03570672e+03
-9.71091357e+02 8.97154713e+03
-9.70291116e+02 8.90754690e+03
-9.69490876e+02 8.84369517e+03
-9.68690636e+02 8.77998142e+03
-9.67890396e+02 8.71639542e+03
-9.67090156e+02 8.65292725e+03
-9.66289916e+02 8.58956721e+03
-9.65489676e+02 8.52630583e+03
-9.64689436e+02 8.46313383e+03
-9.63889196e+02 8.40004211e+03
-9.63088956e+02 8.33702171e+03
-9.62288715e+02 8.27406380e+03
-9.61488475e+02 8.21115966e+03
-9.60688235e+02 8.14830066e+03
-9.59887995e+02 8.08547824e+03
-9.59087755e+02 8.02268389e+03
-9.58287515e+02 7.95990914e+03
-9.57487275e+02 7.89714554e+03
-9.56687035e+02 7.83438465e+03
-9.55886795e+02 7.77161801e+03
-9.55086555e+02 7.70883715e+03
-9.54286315e+02 7.64603353e+03
-9.53486074e+02 7.58319859e+03
-9.52685834e+02 7.52032367e+03
-9.51885594e+02 7.45740002e+03
-9.51085354e+02 7.39441880e+03
-9.50285114e+02 7.33137105e+03
-9.49484874e+02 7.26824766e+03
-9.48684634e+02 7.20503937e+03
-9.47884394e+02 7.14173674e+03
-9.47084154e+02 7.07833016e+03
-9.46283914e+02 7.01480978e+03
-9.45483673e+02 6.95116553e+03
-9.44683433e+02 6.88738710e+03
-9.43883193e+02 6.82346387e+03
-9.43082953e+02 6.75938495e+03
-9.42282713e+02 6.69513910e+03
-9.41482473e+02 6.63071473e+03
-9.40682233e+02 6.56609988e+03
-9.39881993e+02 6.50128215e+03
-9.39081753e+02 6.43624870e+03
-9.38281513e+02 6.37098620e+03
-9.37481273e+02 6.30548078e+03
-9.36681032e+02 6.23971801e+03
-9.35880792e+02 6.17368284e+03
-9.35080552e+02 6.10735953e+03
-9.34280312e+02 6.04073162e+03
-9.33480072e+02 5.97378186e+03
-9.32679832e+02 5.90649212e+03
-9.31879592e+02 5.83884336e+03
-9.31079352e+02 5.77081548e+03
-9.30279112e+02 5.70238731e+03
-9.29478872e+02 5.63353641e+03
-9.28678631e+02 5.56423903e+03
-9.27878391e+02 5.49446994e+03
-9.27078151e+02 5.42420232e+03
-9.26277911e+02 5.35340752e+03
-9.25477671e+02 5.28205497e+03
-9.24677431e+02 5.21011189e+03
-9.23877191e+02 5.13754308e+03
-9.23076951e+02 5.06431064e+03
-9.22276711e+02 4.99037363e+03
-9.21476471e+02 4.91568771e+03
-9.20676230e+02 4.84020473e+03
-9.19875990e+02 4.76387215e+03
-9.19075750e+02 4.68663253e+03
-9.18275510e+02 4.60842274e+03
-9.17475270e+02 4.52917319e+03
-9.16675030e+02 4.44880674e+03
-9.15874790e+02 4.36723756e+03
-9.15074550e+02 4.28436959e+03
-9.14274310e+02 4.20009485e+03
-9.13474070e+02 4.11429131e+03
-9.12673830e+02 4.02682050e+03
-9.11873589e+02 3.93752489e+03
-9.11073349e+02 3.84622550e+03
-9.10273109e+02 3.75272047e+03
-9.09472869e+02 3.65678684e+03
-9.08672629e+02 3.55818953e+03
-9.07872389e+02 3.45670582e+03
-9.07072149e+02 3.35218080e+03
-9.06271909e+02 3.24464113e+03
-9.05471669e+02 3.13451135e+03
-9.04671429e+02 3.02299371e+03
-9.03871188e+02 2.91266463e+03
-9.03070948e+02 2.80823307e+03
-9.02270708e+02 2.71702360e+03
-9.01470468e+02 2.64786124e+03
-9.00670228e+02 2.60611714e+03
-8.99869988e+02 2.58512077e+03
-8.99069748e+02 2.56370514e+03
-8.98269508e+02 2.52021492e+03
-8.97469268e+02 2.44805391e+03
-8.96669028e+02 2.35448371e+03
-8.95868788e+02 2.25093561e+03
-8.95068547e+02 2.14671352e+03
-8.94268307e+02 2.04744884e+03
-8.93468067e+02 1.95577143e+03
-8.92667827e+02 1.87241475e+03
-8.91867587e+02 1.79710035e+03
-8.91067347e+02 1.72910092e+03
-8.90267107e+02 1.66755351e+03
-8.89466867e+02 1.61161444e+03
-8.88666627e+02 1.56052449e+03
-8.87866387e+02 1.51362776e+03
-8.87066146e+02 1.47036892e+03
-8.86265906e+02 1.43028176e+03
-8.85465666e+02 1.39297554e+03
-8.84665426e+02 1.35812207e+03
-8.83865186e+02 1.32544440e+03
-8.83064946e+02 1.29470745e+03
-8.82264706e+02 1.26571045e+03
-8.81464466e+02 1.23828082e+03
-8.80664226e+02 1.21226927e+03
-8.79863986e+02 1.18754593e+03
-8.79063745e+02 1.16399719e+03
-8.78263505e+02 1.14152314e+03
-8.77463265e+02 1.12003549e+03
-8.76663025e+02 1.09945593e+03
-8.75862785e+02 1.07971464e+03
-8.75062545e+02 1.06074921e+03
-8.74262305e+02 1.04250359e+03
-8.73462065e+02 1.02492733e+03
-8.72661825e+02 1.00797485e+03
-8.71861585e+02 9.91604849e+02
-8.71061345e+02 9.75779826e+02
-8.70261104e+02 9.60465617e+02
-8.69460864e+02 9.45631036e+02
-8.68660624e+02 9.31247546e+02
-8.67860384e+02 9.17288979e+02
-8.67060144e+02 9.03731287e+02
-8.66259904e+02 8.90552328e+02
-8.65459664e+02 8.77731678e+02
-8.64659424e+02 8.65250461e+02
-8.63859184e+02 8.53091203e+02
-8.63058944e+02 8.41237702e+02
-8.62258703e+02 8.29674910e+02
-8.61458463e+02 8.18388832e+02
-8.60658223e+02 8.07366429e+02
-8.59857983e+02 7.96595543e+02
-8.59057743e+02 7.86064815e+02
-8.58257503e+02 7.75763622e+02
-8.57457263e+02 7.65682017e+02
-8.56657023e+02 7.55810677e+02
-8.55856783e+02 7.46140847e+02
-8.55056543e+02 7.36664303e+02
-8.54256303e+02 7.27373309e+02
-8.53456062e+02 7.18260579e+02
-8.52655822e+02 7.09319247e+02
-8.51855582e+02 7.00542833e+02
-8.51055342e+02 6.91925219e+02
-8.50255102e+02 6.83460620e+02
-8.49454862e+02 6.75143563e+02
-8.48654622e+02 6.66968866e+02
-8.47854382e+02 6.58931619e+02
-8.47054142e+02 6.51027162e+02
-8.46253902e+02 6.43251074e+02
-8.45453661e+02 6.35599153e+02
-8.44653421e+02 6.28067407e+02
-8.43853181e+02 6.20652036e+02
-8.43052941e+02 6.13349423e+02
-8.42252701e+02 6.06156121e+02
-8.41452461e+02 5.99068847e+02
-8.40652221e+02 5.92084465e+02
-8.39851981e+02 5.85199985e+02
-8.39051741e+02 5.78412549e+02
-8.38251501e+02 5.71719427e+02
-8.37451261e+02 5.65118008e+02
-8.36651020e+02 5.58605793e+02
-8.35850780e+02 5.52180391e+02
-8.35050540e+02 5.45839511e+02
-8.34250300e+02 5.39580957e+02
-8.33450060e+02 5.33402624e+02
-8.32649820e+02 5.27302494e+02
-8.31849580e+02 5.21278626e+02
-8.31049340e+02 5.15329161e+02
-8.30249100e+02 5.09452309e+02
-8.29448860e+02 5.03646353e+02
-8.28648619e+02 4.97909640e+02
-8.27848379e+02 4.92240579e+02
-8.27048139e+02 4.86637642e+02
-8.26247899e+02 4.81099354e+02
-8.25447659e+02 4.75624297e+02
-8.24647419e+02 4.70211104e+02
-8.23847179e+02 4.64858457e+02
-8.23046939e+02 4.59565085e+02
-8.22246699e+02 4.54329762e+02
-8.21446459e+02 4.49151306e+02
-8.20646218e+02 4.44028574e+02
-8.19845978e+02 4.38960462e+02
-8.19045738e+02 4.33945907e+02
-8.18245498e+02 4.28983879e+02
-8.17445258e+02 4.24073381e+02
-8.16645018e+02 4.19213453e+02
-8.15844778e+02 4.14403164e+02
-8.15044538e+02 4.09641612e+02
-8.14244298e+02 4.04927926e+02
-8.13444058e+02 4.00261264e+02
-8.12643818e+02 3.95640806e+02
-8.11843577e+02 3.91065763e+02
-8.11043337e+02 3.86535368e+02
-8.10243097e+02 3.82048877e+02
-8.09442857e+02 3.77605570e+02
-8.08642617e+02 3.73204748e+02
-8.07842377e+02 3.68845735e+02
-8.07042137e+02 3.64527872e+02
-8.06241897e+02 3.60250522e+02
-8.05441657e+02 3.56013067e+02
-8.04641417e+02 3.51814905e+02
-8.03841176e+02 3.47655454e+02
-8.03040936e+02 3.43534146e+02
-8.02240696e+02 3.39450431e+02
-8.01440456e+02 3.35403775e+02
-8.00640216e+02 3.31393658e+02
-7.99839976e+02 3.27419575e+02
-7.99039736e+02 3.23481036e+02
-7.98239496e+02 3.19577562e+02
-7.97439256e+02 3.15708691e+02
-7.96639016e+02 3.11873970e+02
-7.95838776e+02 3.08072961e+02
-7.95038535e+02 3.04305237e+02
-7.94238295e+02 3.00570382e+02
-7.93438055e+02 2.96867991e+02
-7.92637815e+02 2.93197671e+02
-7.91837575e+02 2.89559038e+02
-7.91037335e+02 2.85951721e+02
-7.90237095e+02 2.82375355e+02
-7.89436855e+02 2.78829586e+02
-7.88636615e+02 2.75314071e+02
-7.87836375e+02 2.71828474e+02
-7.87036134e+02 2.68372468e+02
-7.86235894e+02 2.64945734e+02
-7.85435654e+02 2.61547964e+02
-7.84635414e+02 2.58178854e+02
-7.83835174e+02 2.54838110e+02
-7.83034934e+02 2.51525446e+02
-7.82234694e+02 2.48240582e+02
-7.81434454e+02 2.44983246e+02
-7.80634214e+02 2.41753171e+02
-7.79833974e+02 2.38550100e+02
-7.79033733e+02 2.35373781e+02
-7.78233493e+02 2.32223967e+02
-7.77433253e+02 2.29100420e+02
-7.76633013e+02 2.26002905e+02
-7.75832773e+02 2.22931196e+02
-7.75032533e+02 2.19885071e+02
-7.74232293e+02 2.16864314e+02
-7.73432053e+02 2.13868714e+02
-7.72631813e+02 2.10898066e+02
-7.71831573e+02 2.07952170e+02
-7.71031333e+02 2.05030833e+02
-7.70231092e+02 2.02133863e+02
-7.69430852e+02 1.99261077e+02
-7.68630612e+02 1.96412294e+02
-7.67830372e+02 1.93587339e+02
-7.67030132e+02 1.90786041e+02
-7.66229892e+02 1.88008235e+02
-7.65429652e+02 1.85253758e+02
-7.64629412e+02 1.82522454e+02
-7.63829172e+02 1.79814169e+02
-7.63028932e+02 1.77128754e+02
-7.62228691e+02 1.74466064e+02
-7.61428451e+02 1.71825960e+02
-7.60628211e+02 1.69208303e+02
-7.59827971e+02 1.66612961e+02
-7.59027731e+02 1.64039805e+02
-7.58227491e+02 1.61488709e+02
-7.57427251e+02 1.58959553e+02
-7.56627011e+02 1.56452217e+02
-7.55826771e+02 1.53966589e+02
-7.55026531e+02 1.51502556e+02
-7.54226291e+02 1.49060013e+02
-7.53426050e+02 1.46638855e+02
-7.52625810e+02 1.44238981e+02
-7.51825570e+02 1.41860296e+02
-7.51025330e+02 1.39502706e+02
-7.50225090e+02 1.37166119e+02
-7.49424850e+02 1.34850451e+02
-7.48624610e+02 1.32555617e+02
-7.47824370e+02 1.30281537e+02
-7.47024130e+02 1.28028134e+02
-7.46223890e+02 1.25795334e+02
-7.45423649e+02 1.23583067e+02
-7.44623409e+02 1.21391266e+02
-7.43823169e+02 1.19219866e+02
-7.43022929e+02 1.17068806e+02
-7.42222689e+02 1.14938029e+02
-7.41422449e+02 1.12827481e+02
-7.40622209e+02 1.10737109e+02
-7.39821969e+02 1.08666867e+02
-7.39021729e+02 1.06616709e+02
-7.38221489e+02 1.04586593e+02
-7.37421248e+02 1.02576482e+02
-7.36621008e+02 1.00586340e+02
-7.35820768e+02 9.86161351e+01
-7.35020528e+02 9.66658398e+01
-7.34220288e+02 9.47354288e+01
-7.33420048e+02 9.28248804e+01
-7.32619808e+02 9.09341766e+01
-7.31819568e+02 8.90633028e+01
-7.31019328e+02 8.72122482e+01
-7.30219088e+02 8.53810053e+01
-7.29418848e+02 8.35695706e+01
-7.28618607e+02 8.17779442e+01
-7.27818367e+02 8.00061302e+01
-7.27018127e+02 7.82541366e+01
-7.26217887e+02 7.65219756e+01
-7.25417647e+02 7.48096633e+01
-7.24617407e+02 7.31172205e+01
-7.23817167e+02 7.14446720e+01
-7.23016927e+02 6.97920475e+01
-7.22216687e+02 6.81593812e+01
-7.21416447e+02 6.65467125e+01
-7.20616206e+02 6.49540854e+01
-7.19815966e+02 6.33815497e+01
-7.19015726e+02 6.18291603e+01
-7.18215486e+02 6.02969782e+01
-7.17415246e+02 5.87850701e+01
-7.16615006e+02 5.72935091e+01
-7.15814766e+02 5.58223751e+01
-7.15014526e+02 5.43717546e+01
-7.14214286e+02 5.29417419e+01
-7.13414046e+02 5.15324388e+01
-7.12613806e+02 5.01439554e+01
-7.11813565e+02 4.87764106e+01
-7.11013325e+02 4.74299328e+01
-7.10213085e+02 4.61046603e+01
-7.09412845e+02 4.48007423e+01
-7.08612605e+02 4.35183394e+01
-7.07812365e+02 4.22576251e+01
-7.07012125e+02 4.10187861e+01
-7.06211885e+02 3.98020244e+01
-7.05411645e+02 3.86075580e+01
-7.04611405e+02 3.74356229e+01
-7.03811164e+02 3.62864748e+01
-7.03010924e+02 3.51603915e+01
-7.02210684e+02 3.40576755e+01
-7.01410444e+02 3.29786572e+01
-7.00610204e+02 3.19236981e+01
-6.99809964e+02 3.08931961e+01
-6.99009724e+02 2.98875900e+01
-6.98209484e+02 2.89073656e+01
-6.97409244e+02 2.79530620e+01
-6.96609004e+02 2.70252759e+01
-6.95808764e+02 2.61246600e+01
-6.95008523e+02 2.52519033e+01
-6.94208283e+02 2.44076656e+01
-6.93408043e+02 2.35924020e+01
-6.92607803e+02 2.28059515e+01
-6.91807563e+02 2.20467274e+01
-6.91007323e+02 2.13107159e+01
-6.90207083e+02 2.05923404e+01
-6.89406843e+02 1.98899826e+01
-6.88606603e+02 1.92085431e+01
-6.87806363e+02 1.85527919e+01
-6.87006122e+02 1.79226135e+01
-6.86205882e+02 1.73138298e+01
-6.85405642e+02 1.67227161e+01
-6.84605402e+02 1.61502855e+01
-6.83805162e+02 1.56008041e+01
-6.83004922e+02 1.50778626e+01
-6.82204682e+02 1.45827498e+01
-6.81404442e+02 1.41148847e+01
-6.80604202e+02 1.36728036e+01
-6.79803962e+02 1.32549664e+01
-6.79003721e+02 1.28601901e+01
-6.78203481e+02 1.24876086e+01
-6.77403241e+02 1.21363736e+01
-6.76603001e+02 1.18054677e+01
-6.75802761e+02 1.14937057e+01
-6.75002521e+02 1.11997132e+01
-6.74202281e+02 1.09218472e+01
-6.73402041e+02 1.06583297e+01
-6.72601801e+02 1.04075661e+01
-6.71801561e+02 1.01684901e+01
-6.71001321e+02 9.94080225e+00
-6.70201080e+02 9.72489825e+00
-6.69400840e+02 9.52147596e+00
-6.68600600e+02 9.33111777e+00
-6.67800360e+02 9.15406378e+00
-6.67000120e+02 8.99019811e+00
-6.66199880e+02 8.83916472e+00
-6.65399640e+02 8.70050219e+00
-6.64599400e+02 8.57372289e+00
-6.63799160e+02 8.45832128e+00
-6.62998920e+02 8.35373077e+00
-6.62198679e+02 8.25925959e+00
-6.61398439e+02 8.17408661e+00
-6.60598199e+02 8.09737357e+00
-6.59797959e+02 8.02834158e+00
-6.58997719e+02 7.96630362e+00
-6.58197479e+02 7.91072033e+00
-6.57397239e+02 7.86123135e+00
-6.56596999e+02 7.81756768e+00
-6.55796759e+02 7.77941773e+00
-6.54996519e+02 7.74640787e+00
-6.54196279e+02 7.71813444e+00
-6.53396038e+02 7.69420550e+00
-6.52595798e+02 7.67431495e+00
-6.51795558e+02 7.65832345e+00
-6.50995318e+02 7.64624859e+00
-6.50195078e+02 7.63809500e+00
-6.49394838e+02 7.63369292e+00
-6.48594598e+02 7.63272656e+00
-6.47794358e+02 7.63484959e+00
-6.46994118e+02 7.63977786e+00
-6.46193878e+02 7.64735202e+00
-6.45393637e+02 7.65751702e+00
-6.44593397e+02 7.67017763e+00
-6.43793157e+02 7.68508766e+00
-6.42992917e+02 7.70189353e+00
-6.42192677e+02 7.72023231e+00
-6.41392437e+02 7.73978760e+00
-6.40592197e+02 7.76030179e+00
-6.39791957e+02 7.78155252e+00
-6.38991717e+02 7.80329719e+00
-6.38191477e+02 7.82525310e+00
-6.37391236e+02 7.84715977e+00
-6.36590996e+02 7.86884215e+00
-6.35790756e+02 7.89020394e+00
-6.34990516e+02 7.91120793e+00
-6.34190276e+02 7.93188453e+00
-6.33390036e+02 7.95233318e+00
-6.32589796e+02 7.97270120e+00
-6.31789556e+02 7.99315770e+00
-6.30989316e+02 8.01387293e+00
-6.30189076e+02 8.03498125e+00
-6.29388836e+02 8.05652644e+00
-6.28588595e+02 8.07843523e+00
-6.27788355e+02 8.10053950e+00
-6.26988115e+02 8.12262276e+00
-6.26187875e+02 8.14446304e+00
-6.25387635e+02 8.16585753e+00
-6.24587395e+02 8.18662606e+00
-6.23787155e+02 8.20659809e+00
-6.22986915e+02 8.22559853e+00
-6.22186675e+02 8.24344546e+00
-6.21386435e+02 8.25996345e+00
-6.20586194e+02 8.27500839e+00
-6.19785954e+02 8.28849449e+00
-6.18985714e+02 8.30041347e+00
-6.18185474e+02 8.31083924e+00
-6.17385234e+02 8.31991673e+00
-6.16584994e+02 8.32783957e+00
-6.15784754e+02 8.33482128e+00
-6.14984514e+02 8.34106291e+00
-6.14184274e+02 8.34672163e+00
-6.13384034e+02 8.35188782e+00
-6.12583794e+02 8.35657746e+00
-6.11783553e+02 8.36074204e+00
-6.10983313e+02 8.36429025e+00
-6.10183073e+02 8.36711150e+00
-6.09382833e+02 8.36909304e+00
-6.08582593e+02 8.37013061e+00
-6.07782353e+02 8.37013575e+00
-6.06982113e+02 8.36904130e+00
-6.06181873e+02 8.36680405e+00
-6.05381633e+02 8.36340531e+00
-6.04581393e+02 8.35884973e+00
-6.03781152e+02 8.35316159e+00
-6.02980912e+02 8.34637912e+00
-6.02180672e+02 8.33854864e+00
-6.01380432e+02 8.32971986e+00
-6.00580192e+02 8.31994213e+00
-5.99779952e+02 8.30926243e+00
-5.98979712e+02 8.29772516e+00
-5.98179472e+02 8.28537305e+00
-5.97379232e+02 8.27224831e+00
-5.96578992e+02 8.25839344e+00
-5.95778752e+02 8.24385152e+00
-5.94978511e+02 8.22866620e+00
-5.94178271e+02 8.21288186e+00
-5.93378031e+02 8.19654455e+00
-5.92577791e+02 8.17970153e+00
-5.91777551e+02 8.16239906e+00
-5.90977311e+02 8.14467990e+00
-5.90177071e+02 8.12658233e+00
-5.89376831e+02 8.10814096e+00
-5.88576591e+02 8.08938871e+00
-5.87776351e+02 8.07035824e+00
-5.86976110e+02 8.05108173e+00
-5.86175870e+02 8.03159021e+00
-5.85375630e+02 8.01191311e+00
-5.84575390e+02 7.99207858e+00
-5.83775150e+02 7.97211340e+00
-5.82974910e+02 7.95204250e+00
-5.82174670e+02 7.93188883e+00
-5.81374430e+02 7.91167380e+00
-5.80574190e+02 7.89141834e+00
-5.79773950e+02 7.87114333e+00
-5.78973709e+02 7.85086891e+00
-5.78173469e+02 7.83061468e+00
-5.77373229e+02 7.81039965e+00
-5.76572989e+02 7.79024110e+00
-5.75772749e+02 7.77015488e+00
-5.74972509e+02 7.75015696e+00
-5.74172269e+02 7.73026256e+00
-5.73372029e+02 7.71048430e+00
-5.72571789e+02 7.69083329e+00
-5.71771549e+02 7.67132200e+00
-5.70971309e+02 7.65196357e+00
-5.70171068e+02 7.63276837e+00
-5.69370828e+02 7.61374328e+00
-5.68570588e+02 7.59489479e+00
-5.67770348e+02 7.57623101e+00
-5.66970108e+02 7.55776071e+00
-5.66169868e+02 7.53949167e+00
-5.65369628e+02 7.52142988e+00
-5.64569388e+02 7.50357923e+00
-5.63769148e+02 7.48594205e+00
-5.62968908e+02 7.46852083e+00
-5.62168667e+02 7.45131915e+00
-5.61368427e+02 7.43434041e+00
-5.60568187e+02 7.41758668e+00
-5.59767947e+02 7.40105950e+00
-5.58967707e+02 7.38476127e+00
-5.58167467e+02 7.36869501e+00
-5.57367227e+02 7.35286295e+00
-5.56566987e+02 7.33726555e+00
-5.55766747e+02 7.32190158e+00
-5.54966507e+02 7.30676842e+00
-5.54166267e+02 7.29186231e+00
-5.53366026e+02 7.27717888e+00
-5.52565786e+02 7.26271389e+00
-5.51765546e+02 7.24846377e+00
-5.50965306e+02 7.23442584e+00
-5.50165066e+02 7.22059772e+00
-5.49364826e+02 7.20697628e+00
-5.48564586e+02 7.19355754e+00
-5.47764346e+02 7.18033750e+00
-5.46964106e+02 7.16731281e+00
-5.46163866e+02 7.15448065e+00
-5.45363625e+02 7.14183817e+00
-5.44563385e+02 7.12938216e+00
-5.43763145e+02 7.11710883e+00
-5.42962905e+02 7.10501350e+00
-5.42162665e+02 7.09309054e+00
-5.41362425e+02 7.08133386e+00
-5.40562185e+02 7.06973758e+00
-5.39761945e+02 7.05829625e+00
-5.38961705e+02 7.04700468e+00
-5.38161465e+02 7.03585814e+00
-5.37361224e+02 7.02485265e+00
-5.36560984e+02 7.01398488e+00
-5.35760744e+02 7.00325158e+00
-5.34960504e+02 6.99264900e+00
-5.34160264e+02 6.98217282e+00
-5.33360024e+02 6.97181861e+00
-5.32559784e+02 6.96158207e+00
-5.31759544e+02 6.95145923e+00
-5.30959304e+02 6.94144643e+00
-5.30159064e+02 6.93154066e+00
-5.29358824e+02 6.92173994e+00
-5.28558583e+02 6.91204337e+00
-5.27758343e+02 6.90245076e+00
-5.26958103e+02 6.89296213e+00
-5.26157863e+02 6.88357720e+00
-5.25357623e+02 6.87429509e+00
-5.24557383e+02 6.86511405e+00
-5.23757143e+02 6.85603145e+00
-5.22956903e+02 6.84704416e+00
-5.22156663e+02 6.83814926e+00
-5.21356423e+02 6.82934462e+00
-5.20556182e+02 6.82062882e+00
-5.19755942e+02 6.81200074e+00
-5.18955702e+02 6.80345884e+00
-5.18155462e+02 6.79500073e+00
-5.17355222e+02 6.78662293e+00
-5.16554982e+02 6.77832087e+00
-5.15754742e+02 6.77008909e+00
-5.14954502e+02 6.76192169e+00
-5.14154262e+02 6.75381298e+00
-5.13354022e+02 6.74575794e+00
-5.12553782e+02 6.73775229e+00
-5.11753541e+02 6.72979253e+00
-5.10953301e+02 6.72187621e+00
-5.10153061e+02 6.71400267e+00
-5.09352821e+02 6.70617361e+00
-5.08552581e+02 6.69839307e+00
-5.07752341e+02 6.69066654e+00
-5.06952101e+02 6.68299965e+00
-5.06151861e+02 6.67539656e+00
-5.05351621e+02 6.66785876e+00
-5.04551381e+02 6.66038437e+00
-5.03751140e+02 6.65296809e+00
-5.02950900e+02 6.64560193e+00
-5.02150660e+02 6.63827650e+00
-5.01350420e+02 6.63098238e+00
-5.00550180e+02 6.62371115e+00
-4.99749940e+02 6.61645583e+00
-4.98949700e+02 6.60921086e+00
-4.98149460e+02 6.60197212e+00
-4.97349220e+02 6.59473729e+00
-4.96548980e+02 6.58750649e+00
-4.95748739e+02 6.58028262e+00
-4.94948499e+02 6.57307142e+00
-4.94148259e+02 6.56588071e+00
-4.93348019e+02 6.55871907e+00
-4.92547779e+02 6.55159408e+00
-4.91747539e+02 6.54451081e+00
-4.90947299e+02 6.53747104e+00
-4.90147059e+02 6.53047360e+00
-4.89346819e+02 6.52351549e+00
-4.88546579e+02 6.51659325e+00
-4.87746339e+02 6.50970384e+00
-4.86946098e+02 6.50284494e+00
-4.86145858e+02 6.49601477e+00
-4.85345618e+02 6.48921192e+00
-4.84545378e+02 6.48243552e+00
-4.83745138e+02 6.47568561e+00
-4.82944898e+02 6.46896348e+00
-4.82144658e+02 6.46227172e+00
-4.81344418e+02 6.45561382e+00
-4.80544178e+02 6.44899360e+00
-4.79743938e+02 6.44241458e+00
-4.78943697e+02 6.43587980e+00
-4.78143457e+02 6.42939181e+00
-4.77343217e+02 6.42295280e+00
-4.76542977e+02 6.41656454e+00
-4.75742737e+02 6.41022799e+00
-4.74942497e+02 6.40394292e+00
-4.74142257e+02 6.39770773e+00
-4.73342017e+02 6.39151964e+00
-4.72541777e+02 6.38537536e+00
-4.71741537e+02 6.37927173e+00
-4.70941297e+02 6.37320623e+00
-4.70141056e+02 6.36717705e+00
-4.69340816e+02 6.36118298e+00
-4.68540576e+02 6.35522314e+00
-4.67740336e+02 6.34929691e+00
-4.66940096e+02 6.34340399e+00
-4.66139856e+02 6.33754458e+00
-4.65339616e+02 6.33171965e+00
-4.64539376e+02 6.32593109e+00
-4.63739136e+02 6.32018146e+00
-4.62938896e+02 6.31447350e+00
-4.62138655e+02 6.30880935e+00
-4.61338415e+02 6.30318974e+00
-4.60538175e+02 6.29761345e+00
-4.59737935e+02 6.29207724e+00
-4.58937695e+02 6.28657607e+00
-4.58137455e+02 6.28110374e+00
-4.57337215e+02 6.27565348e+00
-4.56536975e+02 6.27021845e+00
-4.55736735e+02 6.26479195e+00
-4.54936495e+02 6.25936743e+00
-4.54136255e+02 6.25393848e+00
-4.53336014e+02 6.24849879e+00
-4.52535774e+02 6.24304220e+00
-4.51735534e+02 6.23756276e+00
-4.50935294e+02 6.23205499e+00
-4.50135054e+02 6.22651401e+00
-4.49334814e+02 6.22093575e+00
-4.48534574e+02 6.21531691e+00
-4.47734334e+02 6.20965481e+00
-4.46934094e+02 6.20394700e+00
-4.46133854e+02 6.19819082e+00
-4.45333613e+02 6.19238298e+00
-4.44533373e+02 6.18651930e+00
-4.43733133e+02 6.18059466e+00
-4.42932893e+02 6.17460303e+00
-4.42132653e+02 6.16853756e+00
-4.41332413e+02 6.16239063e+00
-4.40532173e+02 6.15615383e+00
-4.39731933e+02 6.14981790e+00
-4.38931693e+02 6.14337270e+00
-4.38131453e+02 6.13680731e+00
-4.37331212e+02 6.13011022e+00
-4.36530972e+02 6.12326970e+00
-4.35730732e+02 6.11627405e+00
-4.34930492e+02 6.10911177e+00
-4.34130252e+02 6.10177152e+00
-4.33330012e+02 6.09424197e+00
-4.32529772e+02 6.08651162e+00
-4.31729532e+02 6.07856856e+00
-4.30929292e+02 6.07040051e+00
-4.30129052e+02 6.06199482e+00
-4.29328812e+02 6.05333855e+00
-4.28528571e+02 6.04441850e+00
-4.27728331e+02 6.03522112e+00
-4.26928091e+02 6.02573241e+00
-4.26127851e+02 6.01593781e+00
-4.25327611e+02 6.00582238e+00
-4.24527371e+02 5.99537106e+00
-4.23727131e+02 5.98456919e+00
-4.22926891e+02 5.97340312e+00
-4.22126651e+02 5.96186079e+00
-4.21326411e+02 5.94993220e+00
-4.20526170e+02 5.93760954e+00
-4.19725930e+02 5.92488677e+00
-4.18925690e+02 5.91175875e+00
-4.18125450e+02 5.89821982e+00
-4.17325210e+02 5.88426246e+00
-4.16524970e+02 5.86987618e+00
-4.15724730e+02 5.85504736e+00
-4.14924490e+02 5.83975993e+00
-4.14124250e+02 5.82399665e+00
-4.13324010e+02 5.80774052e+00
-4.12523770e+02 5.79097592e+00
-4.11723529e+02 5.77368917e+00
-4.10923289e+02 5.75586883e+00
-4.10123049e+02 5.73750563e+00
-4.09322809e+02 5.71859243e+00
-4.08522569e+02 5.69912421e+00
-4.07722329e+02 5.67909809e+00
-4.06922089e+02 5.65851335e+00
-4.06121849e+02 5.63737132e+00
-4.05321609e+02 5.61567514e+00
-4.04521369e+02 5.59342915e+00
-4.03721128e+02 5.57063805e+00
-4.02920888e+02 5.54730590e+00
-4.02120648e+02 5.52343530e+00
-4.01320408e+02 5.49902690e+00
-4.00520168e+02 5.47407961e+00
-3.99719928e+02 5.44859118e+00
-3.98919688e+02 5.42255916e+00
-3.98119448e+02 5.39598176e+00
-3.97319208e+02 5.36885842e+00
-3.96518968e+02 5.34119008e+00
-3.95718727e+02 5.31297917e+00
-3.94918487e+02 5.28422942e+00
-3.94118247e+02 5.25494558e+00
-3.93318007e+02 5.22513321e+00
-3.92517767e+02 5.19479848e+00
-3.91717527e+02 5.16394799e+00
-3.90917287e+02 5.13258870e+00
-3.90117047e+02 5.10072787e+00
-3.89316807e+02 5.06837306e+00
-3.88516567e+02 5.03553213e+00
-3.87716327e+02 5.00221327e+00
-3.86916086e+02 4.96842502e+00
-3.86115846e+02 4.93417622e+00
-3.85315606e+02 4.89947594e+00
-3.84515366e+02 4.86433330e+00
-3.83715126e+02 4.82875745e+00
-3.82914886e+02 4.79275735e+00
-3.82114646e+02 4.75634175e+00
-3.81314406e+02 4.71951915e+00
-3.80514166e+02 4.68229783e+00
-3.79713926e+02 4.64468583e+00
-3.78913685e+02 4.60669110e+00
-3.78113445e+02 4.56832155e+00
-3.77313205e+02 4.52958526e+00
-3.76512965e+02 4.49049067e+00
-3.75712725e+02 4.45104689e+00
-3.74912485e+02 4.41126389e+00
-3.74112245e+02 4.37115272e+00
-3.73312005e+02 4.33072552e+00
-3.72511765e+02 4.28999541e+00
-3.71711525e+02 4.24897617e+00
-3.70911285e+02 4.20768171e+00
-3.70111044e+02 4.16612564e+00
-3.69310804e+02 4.12432083e+00
-3.68510564e+02 4.08227925e+00
-3.67710324e+02 4.04001209e+00
-3.66910084e+02 3.99753001e+00
-3.66109844e+02 3.95484364e+00
-3.65309604e+02 3.91196388e+00
-3.64509364e+02 3.86890224e+00
-3.63709124e+02 3.82567093e+00
-3.62908884e+02 3.78228287e+00
-3.62108643e+02 3.73875161e+00
-3.61308403e+02 3.69509126e+00
-3.60508163e+02 3.65131638e+00
-3.59707923e+02 3.60744201e+00
-3.58907683e+02 3.56348366e+00
-3.58107443e+02 3.51945744e+00
-3.57307203e+02 3.47538018e+00
-3.56506963e+02 3.43126952e+00
-3.55706723e+02 3.38714391e+00
-3.54906483e+02 3.34302257e+00
-3.54106242e+02 3.29892518e+00
-3.53306002e+02 3.25487154e+00
-3.52505762e+02 3.21088109e+00
-3.51705522e+02 3.16697250e+00
-3.50905282e+02 3.12316336e+00
-3.50105042e+02 3.07947005e+00
-3.49304802e+02 3.03590788e+00
-3.48504562e+02 2.99249138e+00
-3.47704322e+02 2.94923464e+00
-3.46904082e+02 2.90615172e+00
-3.46103842e+02 2.86325691e+00
-3.45303601e+02 2.82056486e+00
-3.44503361e+02 2.77809068e+00
-3.43703121e+02 2.73584987e+00
-3.42902881e+02 2.69385815e+00
-3.42102641e+02 2.65213140e+00
-3.41302401e+02 2.61068543e+00
-3.40502161e+02 2.56953587e+00
-3.39701921e+02 2.52869804e+00
-3.38901681e+02 2.48818686e+00
-3.38101441e+02 2.44801669e+00
-3.37301200e+02 2.40820134e+00
-3.36500960e+02 2.36875394e+00
-3.35700720e+02 2.32968689e+00
-3.34900480e+02 2.29101184e+00
-3.34100240e+02 2.25273962e+00
-3.33300000e+02 2.21488020e+00
-3.32499760e+02 2.17744267e+00
-3.31699520e+02 2.14043519e+00
-3.30899280e+02 2.10386503e+00
-3.30099040e+02 2.06773854e+00
-3.29298800e+02 2.03206119e+00
-3.28498559e+02 1.99683765e+00
-3.27698319e+02 1.96207186e+00
-3.26898079e+02 1.92776717e+00
-3.26097839e+02 1.89392645e+00
-3.25297599e+02 1.86055223e+00
-3.24497359e+02 1.82764687e+00
-3.23697119e+02 1.79521263e+00
-3.22896879e+02 1.76325175e+00
-3.22096639e+02 1.73176650e+00
-3.21296399e+02 1.70075910e+00
-3.20496158e+02 1.67023169e+00
-3.19695918e+02 1.64018621e+00
-3.18895678e+02 1.61062432e+00
-3.18095438e+02 1.58154737e+00
-3.17295198e+02 1.55295636e+00
-3.16494958e+02 1.52485199e+00
-3.15694718e+02 1.49723476e+00
-3.14894478e+02 1.47010502e+00
-3.14094238e+02 1.44346307e+00
-3.13293998e+02 1.41730916e+00
-3.12493758e+02 1.39164337e+00
-3.11693517e+02 1.36646555e+00
-3.10893277e+02 1.34177509e+00
-3.10093037e+02 1.31757080e+00
-3.09292797e+02 1.29385072e+00
-3.08492557e+02 1.27061211e+00
-3.07692317e+02 1.24785145e+00
-3.06892077e+02 1.22556452e+00
-3.06091837e+02 1.20374652e+00
-3.05291597e+02 1.18239216e+00
-3.04491357e+02 1.16149579e+00
-3.03691116e+02 1.14105135e+00
-3.02890876e+02 1.12105245e+00
-3.02090636e+02 1.10149232e+00
-3.01290396e+02 1.08236381e+00
-3.00490156e+02 1.06365938e+00
-2.99689916e+02 1.04537127e+00
-2.98889676e+02 1.02749155e+00
-2.98089436e+02 1.01001235e+00
-2.97289196e+02 9.92926106e-01
-2.96488956e+02 9.76225747e-01
-2.95688715e+02 9.59904937e-01
-2.94888475e+02 9.43958182e-01
-2.94088235e+02 9.28380859e-01
-2.93287995e+02 9.13169154e-01
-2.92487755e+02 8.98319833e-01
-2.91687515e+02 8.83829987e-01
-2.90887275e+02 8.69696660e-01
-2.90087035e+02 8.55916498e-01
-2.89286795e+02 8.42485383e-01
-2.88486555e+02 8.29398156e-01
-2.87686315e+02 8.16648430e-01
-2.86886074e+02 8.04228499e-01
-2.86085834e+02 7.92129404e-01
-2.85285594e+02 7.80341086e-01
-2.84485354e+02 7.68852670e-01
-2.83685114e+02 7.57652800e-01
-2.82884874e+02 7.46730017e-01
-2.82084634e+02 7.36073122e-01
-2.81284394e+02 7.25671490e-01
-2.80484154e+02 7.15515318e-01
-2.79683914e+02 7.05595778e-01
-2.78883673e+02 6.95905065e-01
-2.78083433e+02 6.86436403e-01
-2.77283193e+02 6.77183942e-01
-2.76482953e+02 6.68142642e-01
-2.75682713e+02 6.59308134e-01
-2.74882473e+02 6.50676543e-01
-2.74082233e+02 6.42244346e-01
-2.73281993e+02 6.34008240e-01
-2.72481753e+02 6.25965014e-01
-2.71681513e+02 6.18111464e-01
-2.70881273e+02 6.10444319e-01
-2.70081032e+02 6.02960184e-01
-2.69280792e+02 5.95655508e-01
-2.68480552e+02 5.88526572e-01
-2.67680312e+02 5.81569473e-01
-2.66880072e+02 5.74780132e-01
-2.66079832e+02 5.68154315e-01
-2.65279592e+02 5.61687633e-01
-2.64479352e+02 5.55375585e-01
-2.63679112e+02 5.49213558e-01
-2.62878872e+02 5.43196876e-01
-2.62078631e+02 5.37320810e-01
-2.61278391e+02 5.31580606e-01
-2.60478151e+02 5.25971518e-01
-2.59677911e+02 5.20488834e-01
-2.58877671e+02 5.15127890e-01
-2.58077431e+02 5.09884100e-01
-2.57277191e+02 5.04752984e-01
-2.56476951e+02 4.99730172e-01
-2.55676711e+02 4.94811433e-01
-2.54876471e+02 4.89992702e-01
-2.54076230e+02 4.85270077e-01
-2.53275990e+02 4.80639851e-01
-2.52475750e+02 4.76098511e-01
-2.51675510e+02 4.71642755e-01
-2.50875270e+02 4.67269489e-01
-2.50075030e+02 4.62975845e-01
-2.49274790e+02 4.58759158e-01
-2.48474550e+02 4.54616979e-01
-2.47674310e+02 4.50547049e-01
-2.46874070e+02 4.46547287e-01
-2.46073830e+02 4.42615757e-01
-2.45273589e+02 4.38750645e-01
-2.44473349e+02 4.34950209e-01
-2.43673109e+02 4.31212746e-01
-2.42872869e+02 4.27536534e-01
-2.42072629e+02 4.23919793e-01
-2.41272389e+02 4.20360627e-01
-2.40472149e+02 4.16856993e-01
-2.39671909e+02 4.13406661e-01
-2.38871669e+02 4.10007212e-01
-2.38071429e+02 4.06656039e-01
-2.37271188e+02 4.03350374e-01
-2.36470948e+02 4.00087352e-01
-2.35670708e+02 3.96864077e-01
-2.34870468e+02 3.93677721e-01
-2.34070228e+02 3.90525616e-01
-2.33269988e+02 3.87405367e-01
-2.32469748e+02 3.84314922e-01
-2.31669508e+02 3.81252627e-01
-2.30869268e+02 3.78217252e-01
-2.30069028e+02 3.75207955e-01
-2.29268788e+02 3.72224232e-01
-2.28468547e+02 3.69265811e-01
-2.27668307e+02 3.66332542e-01
-2.26868067e+02 3.63424252e-01
-2.26067827e+02 3.60540647e-01
-2.25267587e+02 3.57681213e-01
-2.24467347e+02 3.54845150e-01
-2.23667107e+02 3.52031341e-01
-2.22866867e+02 3.49238378e-01
-2.22066627e+02 3.46464601e-01
-2.21266387e+02 3.43708159e-01
-2.20466146e+02 3.40967111e-01
-2.19665906e+02 3.38239508e-01
-2.18865666e+02 3.35523465e-01
-2.18065426e+02 3.32817250e-01
-2.17265186e+02 3.30119338e-01
-2.16464946e+02 3.27428460e-01
-2.15664706e+02 3.24743610e-01
-2.14864466e+02 3.22064084e-01
-2.14064226e+02 3.19389444e-01
-2.13263986e+02 3.16719526e-01
-2.12463745e+02 3.14054401e-01
-2.11663505e+02 3.11394358e-01
-2.10863265e+02 3.08739869e-01
-2.10063025e+02 3.06091542e-01
-2.09262785e+02 3.03450100e-01
-2.08462545e+02 3.00816351e-01
-2.07662305e+02 2.98191141e-01
-2.06862065e+02 2.95575330e-01
-2.06061825e+02 2.92969760e-01
-2.05261585e+02 2.90375243e-01
-2.04461345e+02 2.87792524e-01
-2.03661104e+02 2.85222272e-01
-2.02860864e+02 2.82665062e-01
-2.02060624e+02 2.80121375e-01
-2.01260384e+02 2.77591587e-01
-2.00460144e+02 2.75075965e-01
-1.99659904e+02 2.72574696e-01
-1.98859664e+02 2.70087875e-01
-1.98059424e+02 2.67615537e-01
-1.97259184e+02 2.65157665e-01
-1.96458944e+02 2.62714224e-01
-1.95658703e+02 2.60285166e-01
-1.94858463e+02 2.57870452e-01
-1.94058223e+02 2.55470065e-01
-1.93257983e+02 2.53084021e-01
-1.92457743e+02 2.50712364e-01
-1.91657503e+02 2.48355175e-01
-1.90857263e+02 2.46012549e-01
-1.90057023e+02 2.43684583e-01
-1.89256783e+02 2.41371373e-01
-1.88456543e+02 2.39072989e-01
-1.87656303e+02 2.36789459e-01
-1.86856062e+02 2.34520754e-01
-1.86055822e+02 2.32266793e-01
-1.85255582e+02 2.30027423e-01
-1.84455342e+02 2.27802431e-01
-1.83655102e+02 2.25591539e-01
-1.82854862e+02 2.23394429e-01
-1.82054622e+02 2.21210741e-01
-1.81254382e+02 2.19040088e-01
-1.80454142e+02 2.16882085e-01
-1.79653902e+02 2.14736345e-01
-1.78853661e+02 2.12602509e-01
-1.78053421e+02 2.10480252e-01
-1.77253181e+02 2.08369284e-01
-1.76452941e+02 2.06269368e-01
-1.75652701e+02 2.04180317e-01
-1.74852461e+02 2.02102002e-01
-1.74052221e+02 2.00034345e-01
-1.73251981e+02 1.97977323e-01
-1.72451741e+02 1.95930957e-01
-1.71651501e+02 1.93895318e-01
-1.70851261e+02 1.91870502e-01
-1.70051020e+02 1.89856651e-01
-1.69250780e+02 1.87853913e-01
-1.68450540e+02 1.85862475e-01
-1.67650300e+02 1.83882524e-01
-1.66850060e+02 1.81914256e-01
-1.66049820e+02 1.79957870e-01
-1.65249580e+02 1.78013565e-01
-1.64449340e+02 1.76081532e-01
-1.63649100e+02 1.74161951e-01
-1.62848860e+02 1.72254995e-01
-1.62048619e+02 1.70360819e-01
-1.61248379e+02 1.68479568e-01
-1.60448139e+02 1.66611364e-01
-1.59647899e+02 1.64756315e-01
-1.58847659e+02 1.62914516e-01
-1.58047419e+02 1.61086038e-01
-1.57247179e+02 1.59270946e-01
-1.56446939e+02 1.57469277e-01
-1.55646699e+02 1.55681063e-01
-1.54846459e+02 1.53906307e-01
-1.54046218e+02 1.52145014e-01
-1.53245978e+02 1.50397172e-01
-1.52445738e+02 1.48662754e-01
-1.51645498e+02 1.46941725e-01
-1.50845258e+02 1.45234040e-01
-1.50045018e+02 1.43539648e-01
-1.49244778e+02 1.41858479e-01
-1.48444538e+02 1.40190477e-01
-1.47644298e+02 1.38535563e-01
-1.46844058e+02 1.36893659e-01
-1.46043818e+02 1.35264685e-01
-1.45243577e+02 1.33648555e-01
-1.44443337e+02 1.32045179e-01
-1.43643097e+02 1.30454466e-01
-1.42842857e+02 1.28876328e-01
-1.42042617e+02 1.27310669e-01
-1.41242377e+02 1.25757396e-01
-1.40442137e+02 1.24216416e-01
-1.39641897e+02 1.22687632e-01
-1.38841657e+02 1.21170951e-01
-1.38041417e+02 1.19666284e-01
-1.37241176e+02 1.18173533e-01
-1.36440936e+02 1.16692610e-01
-1.35640696e+02 1.15223426e-01
-1.34840456e+02 1.13765891e-01
-1.34040216e+02 1.12319919e-01
-1.33239976e+02 1.10885422e-01
-1.32439736e+02 1.09462314e-01
-1.31639496e+02 1.08050519e-01
-1.30839256e+02 1.06649952e-01
-1.30039016e+02 1.05260537e-01
-1.29238776e+02 1.03882197e-01
-1.28438535e+02 1.02514856e-01
-1.27638295e+02 1.01158442e-01
-1.26838055e+02 9.98128814e-02
-1.26037815e+02 9.84781076e-02
-1.25237575e+02 9.71540473e-02
-1.24437335e+02 9.58406394e-02
-1.23637095e+02 9.45378183e-02
-1.22836855e+02 9.32455210e-02
-1.22036615e+02 9.19636897e-02
-1.21236375e+02 9.06922607e-02
-1.20436134e+02 8.94311775e-02
-1.19635894e+02 8.81803862e-02
-1.18835654e+02 8.69398307e-02
-1.18035414e+02 8.57094546e-02
-1.17235174e+02 8.44892128e-02
-1.16434934e+02 8.32790532e-02
-1.15634694e+02 8.20789234e-02
-1.14834454e+02 8.08887797e-02
-1.14034214e+02 7.97085776e-02
-1.13233974e+02 7.85382698e-02
-1.12433733e+02 7.73778122e-02
-1.11633493e+02 7.62271636e-02
-1.10833253e+02 7.50862841e-02
-1.10033013e+02 7.39551330e-02
-1.09232773e+02 7.28336788e-02
-1.08432533e+02 7.17218723e-02
-1.07632293e+02 7.06196862e-02
-1.06832053e+02 6.95270785e-02
-1.06031813e+02 6.84440222e-02
-1.05231573e+02 6.73704806e-02
-1.04431333e+02 6.63064188e-02
-1.03631092e+02 6.52518084e-02
-1.02830852e+02 6.42066198e-02
-1.02030612e+02 6.31708224e-02
-1.01230372e+02 6.21443870e-02
-1.00430132e+02 6.11272830e-02
-9.96298920e+01 6.01194838e-02
-9.88296519e+01 5.91209614e-02
-9.80294118e+01 5.81316927e-02
-9.72291717e+01 5.71516503e-02
-9.64289316e+01 5.61808044e-02
-9.56286915e+01 5.52191301e-02
-9.48284514e+01 5.42666119e-02
-9.40282113e+01 5.33232124e-02
-9.32279712e+01 5.23889131e-02
-9.24277311e+01 5.14636852e-02
-9.16274910e+01 5.05475106e-02
-9.08272509e+01 4.96403596e-02
-9.00270108e+01 4.87422111e-02
-8.92267707e+01 4.78530421e-02
-8.84265306e+01 4.69728228e-02
-8.76262905e+01 4.61015322e-02
-8.68260504e+01 4.52391475e-02
-8.60258103e+01 4.43856409e-02
-8.52255702e+01 4.35409890e-02
-8.44253301e+01 4.27051707e-02
-8.36250900e+01 4.18781574e-02
-8.28248499e+01 4.10599194e-02
-8.20246098e+01 4.02504406e-02
-8.12243697e+01 3.94496924e-02
-8.04241297e+01 3.86576461e-02
-7.96238896e+01 3.78742791e-02
-7.88236495e+01 3.70995640e-02
-7.80234094e+01 3.63334759e-02
-7.72231693e+01 3.55759870e-02
-7.64229292e+01 3.48270709e-02
-7.56226891e+01 3.40867049e-02
-7.48224490e+01 3.33548587e-02
-7.40222089e+01 3.26315076e-02
-7.32219688e+01 3.19166274e-02
-7.24217287e+01 3.12101881e-02
-7.16214886e+01 3.05121643e-02
-7.08212485e+01 2.98225295e-02
-7.00210084e+01 2.91412576e-02
-6.92207683e+01 2.84683266e-02
-6.84205282e+01 2.78037063e-02
-6.76202881e+01 2.71473716e-02
-6.68200480e+01 2.64993023e-02
-6.60198079e+01 2.58594643e-02
-6.52195678e+01 2.52278427e-02
-6.44193277e+01 2.46044082e-02
-6.36190876e+01 2.39891382e-02
-6.28188475e+01 2.33820096e-02
-6.20186074e+01 2.27830011e-02
-6.12183673e+01 2.21920913e-02
-6.04181273e+01 2.16092561e-02
-5.96178872e+01 2.10344745e-02
-5.88176471e+01 2.04677277e-02
-5.80174070e+01 1.99089963e-02
-5.72171669e+01 1.93582552e-02
-5.64169268e+01 1.88154942e-02
-5.56166867e+01 1.82806918e-02
-5.48164466e+01 1.77538293e-02
-5.40162065e+01 1.72348902e-02
-5.32159664e+01 1.67238580e-02
-5.24157263e+01 1.62207170e-02
-5.16154862e+01 1.57254493e-02
-5.08152461e+01 1.52380485e-02
-5.00150060e+01 1.47584949e-02
-4.92147659e+01 1.42867737e-02
-4.84145258e+01 1.38228769e-02
-4.76142857e+01 1.33667873e-02
-4.68140456e+01 1.29184931e-02
-4.60138055e+01 1.24779860e-02
-4.52135654e+01 1.20452547e-02
-4.44133253e+01 1.16202843e-02
-4.36130852e+01 1.12030726e-02
-4.28128451e+01 1.07936018e-02
-4.20126050e+01 1.03918668e-02
-4.12123649e+01 9.99785610e-03
-4.04121248e+01 9.61156289e-03
-3.96118848e+01 9.23297793e-03
-3.88116447e+01 8.86209204e-03
-3.80114046e+01 8.49889664e-03
-3.72111645e+01 8.14338899e-03
-3.64109244e+01 7.79555963e-03
-3.56106843e+01 7.45539688e-03
-3.48104442e+01 7.12289512e-03
-3.40102041e+01 6.79805571e-03
-3.32099640e+01 6.48085977e-03
-3.24097239e+01 6.17130958e-03
-3.16094838e+01 5.86939721e-03
-3.08092437e+01 5.57511455e-03
-3.00090036e+01 5.28845765e-03
-2.92087635e+01 5.00941838e-03
-2.84085234e+01 4.73799310e-03
-2.76082833e+01 4.47417497e-03
-2.68080432e+01 4.21795894e-03
-2.60078031e+01 3.96934021e-03
-2.52075630e+01 3.72831571e-03
-2.44073229e+01 3.49487652e-03
-2.36070828e+01 3.26901863e-03
-2.28068427e+01 3.05073861e-03
-2.20066026e+01 2.84002881e-03
-2.12063625e+01 2.63688789e-03
-2.04061224e+01 2.44131110e-03
-1.96058824e+01 2.25329380e-03
-1.88056423e+01 2.07283317e-03
-1.80054022e+01 1.89992099e-03
-1.72051621e+01 1.73455781e-03
-1.64049220e+01 1.57673612e-03
-1.56046819e+01 1.42645798e-03
-1.48044418e+01 1.28370965e-03
-1.40042017e+01 1.14849607e-03
-1.32039616e+01 1.02081687e-03
-1.24037215e+01 9.00662726e-04
-1.16034814e+01 7.88031710e-04
-1.08032413e+01 6.82920823e-04
-1.00030012e+01 5.85330042e-04
-9.20276110e+00 4.95256160e-04
-8.40252101e+00 4.12693175e-04
-7.60228091e+00 3.37644294e-04
-6.80204082e+00 2.70105960e-04
-6.00180072e+00 2.10077927e-04
-5.20156062e+00 1.57552385e-04
-4.40132053e+00 1.12537169e-04
-3.60108043e+00 7.50220309e-05
-2.80084034e+00 4.50138665e-05
-2.00060024e+00 2.25055276e-05
-1.20036014e+00 7.50287742e-06
-4.00120048e-01 3.00178821e-09
4.00120048e-01 0.00000000e+00
1.20036014e+00 7.50329060e-06
2.00060024e+00 2.25071896e-05
2.80084034e+00 4.50154191e-05
3.60108043e+00 7.50240322e-05
4.40132053e+00 1.12536843e-04
5.20156062e+00 1.57554874e-04
6.00180072e+00 2.10076499e-04
6.80204082e+00 2.70106878e-04
7.60228091e+00 3.37642961e-04
8.40252101e+00 4.12693042e-04
9.20276110e+00 4.95254179e-04
1.00030012e+01 5.85329553e-04
1.08032413e+01 6.82919729e-04
1.16034814e+01 7.88031370e-04
1.24037215e+01 9.00661841e-04
1.32039616e+01 1.02081677e-03
1.40042017e+01 1.14849908e-03
1.48044418e+01 1.28371081e-03
1.56046819e+01 1.42645608e-03
1.64049220e+01 1.57673588e-03
1.72051621e+01 1.73455765e-03
1.80054022e+01 1.89991975e-03
1.88056423e+01 2.07283281e-03
1.96058824e+01 2.25329425e-03
2.04061224e+01 2.44131112e-03
2.12063625e+01 2.63688751e-03
2.20066026e+01 2.84002965e-03
2.28068427e+01 3.05073885e-03
2.36070828e+01 3.26901825e-03
2.44073229e+01 3.49487702e-03
2.52075630e+01 3.72831518e-03
2.60078031e+01 3.96934119e-03
2.68080432e+01 4.21796173e-03
2.76082833e+01 4.47417377e-03
2.84085234e+01 4.73799394e-03
2.92087635e+01 5.00941743e-03
3.00090036e+01 5.28845356e-03
3.08092437e+01 5.57511283e-03
3.16094838e+01 5.86939676e-03
3.24097239e+01 6.17131117e-03
3.32099640e+01 6.48086115e-03
3.40102041e+01 6.79805742e-03
3.48104442e+01 7.12289860e-03
3.56106843e+01 7.45539841e-03
3.64109244e+01 7.79555781e-03
3.72111645e+01 8.14338905e-03
3.80114046e+01 8.49889716e-03
3.88116447e+01 8.86209229e-03
3.96118848e+01 9.23297760e-03
4.04121248e+01 9.61155975e-03
4.12123649e+01 9.99785431e-03
4.20126050e+01 1.03918677e-02
4.28128451e+01 1.07936016e-02
4.36130852e+01 1.12030723e-02
4.44133253e+01 1.16202838e-02
4.52135654e+01 1.20452563e-02
4.60138055e+01 1.24779866e-02
4.68140456e+01 1.29184926e-02
4.76142857e+01 1.33667880e-02
4.84145258e+01 1.38228752e-02
4.92147659e+01 1.42867726e-02
5.00150060e+01 1.47584951e-02
5.08152461e+01 1.52380499e-02
5.16154862e+01 1.57254512e-02
5.24157263e+01 1.62207167e-02
5.32159664e+01 1.67238550e-02
5.40162065e+01 1.72348883e-02
5.48164466e+01 1.77538282e-02
5.56166867e+01 1.82806918e-02
5.64169268e+01 1.88154978e-02
5.72171669e+01 1.93582576e-02
5.80174070e+01 1.99089949e-02
5.88176471e+01 2.04677273e-02
5.96178872e+01 2.10344767e-02
6.04181273e+01 2.16092558e-02
6.12183673e+01 2.21920916e-02
6.20186074e+01 2.27830021e-02
6.28188475e+01 2.33820115e-02
6.36190876e+01 2.39891397e-02
6.44193277e+01 2.46044081e-02
6.52195678e+01 2.52278413e-02
6.60198079e+01 2.58594641e-02
6.68200480e+01 2.64992994e-02
6.76202881e+01 2.71473707e-02
6.84205282e+01 2.78037045e-02
6.92207683e+01 2.84683243e-02
7.00210084e+01 2.91412573e-02
7.08212485e+01 2.98225286e-02
7.16214886e+01 3.05121650e-02
7.24217287e+01 3.12101868e-02
7.32219688e+01 3.19166280e-02
7.40222089e+01 3.26315089e-02
7.48224490e+01 3.33548586e-02
7.56226891e+01 3.40867069e-02
7.64229292e+01 3.48270729e-02
7.72231693e+01 3.55759867e-02
7.80234094e+01 3.63334752e-02
7.88236495e+01 3.70995651e-02
7.96238896e+01 3.78742793e-02
8.04241297e+01 3.86576465e-02
8.12243697e+01 3.94496920e-02
8.20246098e+01 4.02504388e-02
8.28248499e+01 4.10599208e-02
8.36250900e+01 4.18781563e-02
8.44253301e+01 4.27051705e-02
8.52255702e+01 4.35409898e-02
8.60258103e+01 4.43856411e-02
8.68260504e+01 4.52391462e-02
8.76262905e+01 4.61015318e-02
8.84265306e+01 4.69728229e-02
8.92267707e+01 4.78530410e-02
9.00270108e+01 4.87422144e-02
9.08272509e+01 4.96403615e-02
9.16274910e+01 5.05475100e-02
9.24277311e+01 5.14636850e-02
9.32279712e+01 5.23889107e-02
9.40282113e+01 5.33232090e-02
9.48284514e+01 5.42666092e-02
9.56286915e+01 5.52191332e-02
9.64289316e+01 5.61808061e-02
9.72291717e+01 5.71516503e-02
9.80294118e+01 5.81316952e-02
9.88296519e+01 5.91209640e-02
9.96298920e+01 6.01194817e-02
1.00430132e+02 6.11272831e-02
1.01230372e+02 6.21443858e-02
1.02030612e+02 6.31708212e-02
1.02830852e+02 6.42066198e-02
1.03631092e+02 6.52518076e-02
1.04431333e+02 6.63064189e-02
1.05231573e+02 6.73704807e-02
1.06031813e+02 6.84440231e-02
1.06832053e+02 6.95270813e-02
1.07632293e+02 7.06196838e-02
1.08432533e+02 7.17218721e-02
1.09232773e+02 7.28336776e-02
1.10033013e+02 7.39551338e-02
1.10833253e+02 7.50862844e-02
1.11633493e+02 7.62271638e-02
1.12433733e+02 7.73778127e-02
1.13233974e+02 7.85382708e-02
1.14034214e+02 7.97085786e-02
1.14834454e+02 8.08887790e-02
1.15634694e+02 8.20789223e-02
1.16434934e+02 8.32790508e-02
1.17235174e+02 8.44892128e-02
1.18035414e+02 8.57094562e-02
1.18835654e+02 8.69398297e-02
1.19635894e+02 8.81803872e-02
1.20436134e+02 8.94311772e-02
1.21236375e+02 9.06922606e-02
1.22036615e+02 9.19636911e-02
1.22836855e+02 9.32455230e-02
1.23637095e+02 9.45378180e-02
1.24437335e+02 9.58406381e-02
1.25237575e+02 9.71540486e-02
1.26037815e+02 9.84781057e-02
1.26838055e+02 9.98128793e-02
1.27638295e+02 1.01158443e-01
1.28438535e+02 1.02514856e-01
1.29238776e+02 1.03882197e-01
1.30039016e+02 1.05260539e-01
1.30839256e+02 1.06649955e-01
1.31639496e+02 1.08050518e-01
1.32439736e+02 1.09462313e-01
1.33239976e+02 1.10885417e-01
1.34040216e+02 1.12319917e-01
1.34840456e+02 1.13765892e-01
1.35640696e+02 1.15223427e-01
1.36440936e+02 1.16692610e-01
1.37241176e+02 1.18173531e-01
1.38041417e+02 1.19666283e-01
1.38841657e+02 1.21170954e-01
1.39641897e+02 1.22687632e-01
1.40442137e+02 1.24216416e-01
1.41242377e+02 1.25757396e-01
1.42042617e+02 1.27310671e-01
1.42842857e+02 1.28876328e-01
1.43643097e+02 1.30454468e-01
1.44443337e+02 1.32045178e-01
1.45243577e+02 1.33648552e-01
1.46043818e+02 1.35264685e-01
1.46844058e+02 1.36893657e-01
1.47644298e+02 1.38535562e-01
1.48444538e+02 1.40190476e-01
1.49244778e+02 1.41858480e-01
1.50045018e+02 1.43539645e-01
1.50845258e+02 1.45234042e-01
1.51645498e+02 1.46941730e-01
1.52445738e+02 1.48662755e-01
1.53245978e+02 1.50397173e-01
1.54046218e+02 1.52145013e-01
1.54846459e+02 1.53906306e-01
1.55646699e+02 1.55681061e-01
1.56446939e+02 1.57469277e-01
1.57247179e+02 1.59270947e-01
1.58047419e+02 1.61086039e-01
1.58847659e+02 1.62914516e-01
1.59647899e+02 1.64756314e-01
1.60448139e+02 1.66611364e-01
1.61248379e+02 1.68479568e-01
1.62048619e+02 1.70360821e-01
1.62848860e+02 1.72254994e-01
1.63649100e+02 1.74161951e-01
1.64449340e+02 1.76081533e-01
1.65249580e+02 1.78013565e-01
1.66049820e+02 1.79957869e-01
1.66850060e+02 1.81914256e-01
1.67650300e+02 1.83882525e-01
1.68450540e+02 1.85862474e-01
1.69250780e+02 1.87853912e-01
1.70051020e+02 1.89856649e-01
1.70851261e+02 1.91870502e-01
1.71651501e+02 1.93895318e-01
1.72451741e+02 1.95930959e-01
1.73251981e+02 1.97977323e-01
1.74052221e+02 2.00034345e-01
1.74852461e+02 2.02102001e-01
1.75652701e+02 2.04180315e-01
1.76452941e+02 2.06269368e-01
1.77253181e+02 2.08369285e-01
1.78053421e+02 2.10480254e-01
1.78853661e+02 2.12602512e-01
1.79653902e+02 2.14736344e-01
1.80454142e+02 2.16882084e-01
1.81254382e+02 2.19040087e-01
1.82054622e+02 2.21210742e-01
1.82854862e+02 2.23394432e-01
1.83655102e+02 2.25591543e-01
1.84455342e+02 2.27802431e-01
1.85255582e+02 2.30027420e-01
1.86055822e+02 2.32266791e-01
1.86856062e+02 2.34520753e-01
1.87656303e+02 2.36789456e-01
1.88456543e+02 2.39072987e-01
1.89256783e+02 2.41371372e-01
1.90057023e+02 2.43684585e-01
1.90857263e+02 2.46012548e-01
1.91657503e+02 2.48355176e-01
1.92457743e+02 2.50712364e-01
1.93257983e+02 2.53084023e-01
1.94058223e+02 2.55470064e-01
1.94858463e+02 2.57870450e-01
1.95658703e+02 2.60285168e-01
1.96458944e+02 2.62714226e-01
1.97259184e+02 2.65157666e-01
1.98059424e+02 2.67615535e-01
1.98859664e+02 2.70087874e-01
1.99659904e+02 2.72574695e-01
2.00460144e+02 2.75075965e-01
2.01260384e+02 2.77591587e-01
2.02060624e+02 2.80121377e-01
2.02860864e+02 2.82665064e-01
2.03661104e+02 2.85222272e-01
2.04461345e+02 2.87792524e-01
2.05261585e+02 2.90375243e-01
2.06061825e+02 2.92969760e-01
2.06862065e+02 2.95575328e-01
2.07662305e+02 2.98191141e-01
2.08462545e+02 3.00816351e-01
2.09262785e+02 3.03450101e-01
2.10063025e+02 3.06091539e-01
2.10863265e+02 3.08739866e-01
2.11663505e+02 3.11394357e-01
2.12463745e+02 3.14054401e-01
2.13263986e+02 3.16719524e-01
2.14064226e+02 3.19389445e-01
2.14864466e+02 3.22064086e-01
2.15664706e+02 3.24743611e-01
2.16464946e+02 3.27428458e-01
2.17265186e+02 3.30119337e-01
2.18065426e+02 3.32817250e-01
2.18865666e+02 3.35523465e-01
2.19665906e+02 3.38239509e-01
2.20466146e+02 3.40967113e-01
2.21266387e+02 3.43708160e-01
2.22066627e+02 3.46464599e-01
2.22866867e+02 3.49238380e-01
2.23667107e+02 3.52031343e-01
2.24467347e+02 3.54845149e-01
2.25267587e+02 3.57681213e-01
2.26067827e+02 3.60540645e-01
2.26868067e+02 3.63424250e-01
2.27668307e+02 3.66332541e-01
2.28468547e+02 3.69265813e-01
2.29268788e+02 3.72224232e-01
2.30069028e+02 3.75207956e-01
2.30869268e+02 3.78217251e-01
2.31669508e+02 3.81252627e-01
2.32469748e+02 3.84314923e-01
2.33269988e+02 3.87405368e-01
2.34070228e+02 3.90525616e-01
2.34870468e+02 3.93677719e-01
2.35670708e+02 3.96864077e-01
2.36470948e+02 4.00087353e-01
2.37271188e+02 4.03350373e-01
2.38071429e+02 4.06656039e-01
2.38871669e+02 4.10007211e-01
2.39671909e+02 4.13406660e-01
2.40472149e+02 4.16856994e-01
2.41272389e+02 4.20360628e-01
2.42072629e+02 4.23919792e-01
2.42872869e+02 4.27536535e-01
2.43673109e+02 4.31212745e-01
2.44473349e+02 4.34950207e-01
2.45273589e+02 4.38750645e-01
2.46073830e+02 4.42615757e-01
2.46874070e+02 4.46547287e-01
2.47674310e+02 4.50547050e-01
2.48474550e+02 4.54616980e-01
2.49274790e+02 4.58759160e-01
2.50075030e+02 4.62975844e-01
2.50875270e+02 4.67269490e-01
2.51675510e+02 4.71642756e-01
2.52475750e+02 4.76098513e-01
2.53275990e+02 4.80639850e-01
2.54076230e+02 4.85270075e-01
2.54876471e+02 4.89992700e-01
2.55676711e+02 4.94811431e-01
2.56476951e+02 4.99730172e-01
2.57277191e+02 5.04752986e-01
2.58077431e+02 5.09884101e-01
2.58877671e+02 5.15127892e-01
2.59677911e+02 5.20488836e-01
2.60478151e+02 5.25971517e-01
2.61278391e+02 5.31580602e-01
2.62078631e+02 5.37320808e-01
2.62878872e+02 5.43196875e-01
2.63679112e+02 5.49213559e-01
2.64479352e+02 5.55375585e-01
2.65279592e+02 5.61687635e-01
2.66079832e+02 5.68154314e-01
2.66880072e+02 5.74780132e-01
2.67680312e+02 5.81569472e-01
2.68480552e+02 5.88526572e-01
2.69280792e+02 5.95655508e-01
2.70081032e+02 6.02960185e-01
2.70881273e+02 6.10444320e-01
2.71681513e+02 6.18111466e-01
2.72481753e+02 6.25965013e-01
2.73281993e+02 6.34008239e-01
2.74082233e+02 6.42244345e-01
2.74882473e+02 6.50676544e-01
2.75682713e+02 6.59308135e-01
2.76482953e+02 6.68142643e-01
2.77283193e+02 6.77183940e-01
2.78083433e+02 6.86436403e-01
2.78883673e+02 6.95905065e-01
2.79683914e+02 7.05595778e-01
2.80484154e+02 7.15515321e-01
2.81284394e+02 7.25671490e-01
2.82084634e+02 7.36073122e-01
2.82884874e+02 7.46730017e-01
2.83685114e+02 7.57652799e-01
2.84485354e+02 7.68852669e-01
2.85285594e+02 7.80341084e-01
2.86085834e+02 7.92129403e-01
2.86886074e+02 8.04228501e-01
2.87686315e+02 8.16648430e-01
2.88486555e+02 8.29398158e-01
2.89286795e+02 8.42485384e-01
2.90087035e+02 8.55916498e-01
2.90887275e+02 8.69696661e-01
2.91687515e+02 8.83829988e-01
2.92487755e+02 8.98319832e-01
2.93287995e+02 9.13169154e-01
2.94088235e+02 9.28380861e-01
2.94888475e+02 9.43958182e-01
2.95688715e+02 9.59904937e-01
2.96488956e+02 9.76225747e-01
2.97289196e+02 9.92926107e-01
2.98089436e+02 1.01001235e+00
2.98889676e+02 1.02749155e+00
2.99689916e+02 1.04537127e+00
3.00490156e+02 1.06365938e+00
3.01290396e+02 1.08236380e+00
3.02090636e+02 1.10149232e+00
3.02890876e+02 1.12105245e+00
3.03691116e+02 1.14105135e+00
3.04491357e+02 1.16149579e+00
3.05291597e+02 1.18239216e+00
3.06091837e+02 1.20374652e+00
3.06892077e+02 1.22556452e+00
3.07692317e+02 1.24785145e+00
3.08492557e+02 1.27061212e+00
3.09292797e+02 1.29385073e+00
3.10093037e+02 1.31757080e+00
3.10893277e+02 1.34177509e+00
3.11693517e+02 1.36646554e+00
3.12493758e+02 1.39164337e+00
3.13293998e+02 1.41730916e+00
3.14094238e+02 1.44346308e+00
3.14894478e+02 1.47010502e+00
3.15694718e+02 1.49723476e+00
3.16494958e+02 1.52485199e+00
3.17295198e+02 1.55295636e+00
3.18095438e+02 1.58154737e+00
3.18895678e+02 1.61062432e+00
3.19695918e+02 1.64018621e+00
3.20496158e+02 1.67023169e+00
3.21296399e+02 1.70075910e+00
3.22096639e+02 1.73176650e+00
3.22896879e+02 1.76325175e+00
3.23697119e+02 1.79521263e+00
3.24497359e+02 1.82764687e+00
3.25297599e+02 1.86055223e+00
3.26097839e+02 1.89392645e+00
3.26898079e+02 1.92776717e+00
3.27698319e+02 1.96207186e+00
3.28498559e+02 1.99683765e+00
3.29298800e+02 2.03206119e+00
3.30099040e+02 2.06773854e+00
3.30899280e+02 2.10386503e+00
3.31699520e+02 2.14043519e+00
3.32499760e+02 2.17744267e+00
3.33300000e+02 2.21488020e+00
3.34100240e+02 2.25273962e+00
3.34900480e+02 2.29101184e+00
3.35700720e+02 2.32968689e+00
3.36500960e+02 2.36875394e+00
3.37301200e+02 2.40820135e+00
3.38101441e+02 2.44801670e+00
3.38901681e+02 2.48818686e+00
3.39701921e+02 2.52869805e+00
3.40502161e+02 2.56953586e+00
3.41302401e+02 2.61068542e+00
3.42102641e+02 2.65213140e+00
3.42902881e+02 2.69385815e+00
3.43703121e+02 2.73584987e+00
3.44503361e+02 2.77809068e+00
3.45303601e+02 2.82056486e+00
3.46103842e+02 2.86325691e+00
3.46904082e+02 2.90615172e+00
3.47704322e+02 2.94923464e+00
3.48504562e+02 2.99249138e+00
3.49304802e+02 3.03590788e+00
3.50105042e+02 3.07947005e+00
3.50905282e+02 3.12316336e+00
3.51705522e+02 3.16697250e+00
3.52505762e+02 3.21088109e+00
3.53306002e+02 3.25487154e+00
3.54106242e+02 3.29892518e+00
3.54906483e+02 3.34302257e+00
3.55706723e+02 3.38714391e+00
3.56506963e+02 3.43126952e+00
3.57307203e+02 3.47538018e+00
3.58107443e+02 3.51945744e+00
3.58907683e+02 3.56348366e+00
3.59707923e+02 3.60744201e+00
3.60508163e+02 3.65131638e+00
3.61308403e+02 3.69509126e+00
3.62108643e+02 3.73875161e+00
3.62908884e+02 3.78228287e+00
3.63709124e+02 3.82567093e+00
3.64509364e+02 3.86890224e+00
3.65309604e+02 3.91196388e+00
3.66109844e+02 3.95484364e+00
3.66910084e+02 3.99753001e+00
3.67710324e+02 4.04001209e+00
3.68510564e+02 4.08227925e+00
3.69310804e+02 4.12432083e+00
3.70111044e+02 4.16612564e+00
3.70911285e+02 4.20768171e+00
3.71711525e+02 4.24897617e+00
3.72511765e+02 4.28999542e+00
3.73312005e+02 4.33072552e+00
3.74112245e+02 4.37115272e+00
3.74912485e+02 4.41126389e+00
3.75712725e+02 4.45104689e+00
3.76512965e+02 4.49049067e+00
3.77313205e+02 4.52958526e+00
3.78113445e+02 4.56832155e+00
3.78913685e+02 4.60669110e+00
3.79713926e+02 4.64468583e+00
3.80514166e+02 4.68229783e+00
3.81314406e+02 4.71951915e+00
3.82114646e+02 4.75634175e+00
3.82914886e+02 4.79275735e+00
3.83715126e+02 4.82875745e+00
3.84515366e+02 4.86433330e+00
3.85315606e+02 4.89947593e+00
3.86115846e+02 4.93417622e+00
3.86916086e+02 4.96842502e+00
3.87716327e+02 5.00221327e+00
3.88516567e+02 5.03553213e+00
3.89316807e+02 5.06837306e+00
3.90117047e+02 5.10072787e+00
3.90917287e+02 5.13258870e+00
3.91717527e+02 5.16394799e+00
3.92517767e+02 5.19479848e+00
3.93318007e+02 5.22513321e+00
3.94118247e+02 5.25494558e+00
3.94918487e+02 5.28422942e+00
3.95718727e+02 5.31297917e+00
3.96518968e+02 5.34119008e+00
3.97319208e+02 5.36885842e+00
3.98119448e+02 5.39598176e+00
3.98919688e+02 5.42255916e+00
3.99719928e+02 5.44859118e+00
4.00520168e+02 5.47407961e+00
4.01320408e+02 5.49902690e+00
4.02120648e+02 5.52343530e+00
4.02920888e+02 5.54730590e+00
4.03721128e+02 5.57063805e+00
4.04521369e+02 5.59342915e+00
4.05321609e+02 5.61567514e+00
4.06121849e+02 5.63737132e+00
4.06922089e+02 5.65851334e+00
4.07722329e+02 5.67909809e+00
4.08522569e+02 5.69912421e+00
4.09322809e+02 5.71859243e+00
4.10123049e+02 5.73750563e+00
4.10923289e+02 5.75586883e+00
4.11723529e+02 5.77368917e+00
4.12523770e+02 5.79097592e+00
4.13324010e+02 5.80774052e+00
4.14124250e+02 5.82399665e+00
4.14924490e+02 5.83975993e+00
4.15724730e+02 5.85504737e+00
4.16524970e+02 5.86987618e+00
4.17325210e+02 5.88426246e+00
4.18125450e+02 5.89821982e+00
4.18925690e+02 5.91175875e+00
4.19725930e+02 5.92488677e+00
4.20526170e+02 5.93760954e+00
4.21326411e+02 5.94993220e+00
4.22126651e+02 5.96186079e+00
4.22926891e+02 5.97340312e+00
4.23727131e+02 5.98456919e+00
4.24527371e+02 5.99537106e+00
4.25327611e+02 6.00582238e+00
4.26127851e+02 6.01593781e+00
4.26928091e+02 6.02573241e+00
4.27728331e+02 6.03522113e+00
4.28528571e+02 6.04441850e+00
4.29328812e+02 6.05333855e+00
4.30129052e+02 6.06199482e+00
4.30929292e+02 6.07040051e+00
4.31729532e+02 6.07856856e+00
4.32529772e+02 6.08651162e+00
4.33330012e+02 6.09424197e+00
4.34130252e+02 6.10177151e+00
4.34930492e+02 6.10911177e+00
4.35730732e+02 6.11627405e+00
4.36530972e+02 6.12326970e+00
4.37331212e+02 6.13011022e+00
4.38131453e+02 6.13680731e+00
4.38931693e+02 6.14337270e+00
4.39731933e+02 6.14981790e+00
4.40532173e+02 6.15615383e+00
4.41332413e+02 6.16239063e+00
4.42132653e+02 6.16853756e+00
4.42932893e+02 6.17460303e+00
4.43733133e+02 6.18059466e+00
4.44533373e+02 6.18651930e+00
4.45333613e+02 6.19238298e+00
4.46133854e+02 6.19819082e+00
4.46934094e+02 6.20394701e+00
4.47734334e+02 6.20965482e+00
4.48534574e+02 6.21531692e+00
4.49334814e+02 6.22093575e+00
4.50135054e+02 6.22651401e+00
4.50935294e+02 6.23205499e+00
4.51735534e+02 6.23756276e+00
4.52535774e+02 6.24304219e+00
4.53336014e+02 6.24849879e+00
4.54136255e+02 6.25393848e+00
4.54936495e+02 6.25936743e+00
4.55736735e+02 6.26479195e+00
4.56536975e+02 6.27021845e+00
4.57337215e+02 6.27565348e+00
4.58137455e+02 6.28110374e+00
4.58937695e+02 6.28657608e+00
4.59737935e+02 6.29207724e+00
4.60538175e+02 6.29761345e+00
4.61338415e+02 6.30318974e+00
4.62138655e+02 6.30880935e+00
4.62938896e+02 6.31447350e+00
4.63739136e+02 6.32018146e+00
4.64539376e+02 6.32593109e+00
4.65339616e+02 6.33171965e+00
4.66139856e+02 6.33754458e+00
4.66940096e+02 6.34340399e+00
4.67740336e+02 6.34929691e+00
4.68540576e+02 6.35522314e+00
4.69340816e+02 6.36118298e+00
4.70141056e+02 6.36717705e+00
4.70941297e+02 6.37320622e+00
4.71741537e+02 6.37927173e+00
4.72541777e+02 6.38537536e+00
4.73342017e+02 6.39151964e+00
4.74142257e+02 6.39770773e+00
4.74942497e+02 6.40394292e+00
4.75742737e+02 6.41022799e+00
4.76542977e+02 6.41656453e+00
4.77343217e+02 6.42295280e+00
4.78143457e+02 6.42939181e+00
4.78943697e+02 6.43587980e+00
4.79743938e+02 6.44241458e+00
4.80544178e+02 6.44899360e+00
4.81344418e+02 6.45561382e+00
4.82144658e+02 6.46227172e+00
4.82944898e+02 6.46896348e+00
4.83745138e+02 6.47568561e+00
4.84545378e+02 6.48243552e+00
4.85345618e+02 6.48921192e+00
4.86145858e+02 6.49601477e+00
4.86946098e+02 6.50284494e+00
4.87746339e+02 6.50970384e+00
4.88546579e+02 6.51659325e+00
4.89346819e+02 6.52351549e+00
4.90147059e+02 6.53047360e+00
4.90947299e+02 6.53747104e+00
4.91747539e+02 6.54451082e+00
4.92547779e+02 6.55159409e+00
4.93348019e+02 6.55871907e+00
4.94148259e+02 6.56588071e+00
4.94948499e+02 6.57307142e+00
4.95748739e+02 6.58028262e+00
4.96548980e+02 6.58750649e+00
4.97349220e+02 6.59473729e+00
4.98149460e+02 6.60197212e+00
4.98949700e+02 6.60921086e+00
4.99749940e+02 6.61645583e+00
5.00550180e+02 6.62371114e+00
5.01350420e+02 6.63098238e+00
5.02150660e+02 6.63827650e+00
5.02950900e+02 6.64560193e+00
5.03751140e+02 6.65296809e+00
5.04551381e+02 6.66038437e+00
5.05351621e+02 6.66785877e+00
5.06151861e+02 6.67539656e+00
5.06952101e+02 6.68299965e+00
5.07752341e+02 6.69066655e+00
5.08552581e+02 6.69839307e+00
5.09352821e+02 6.70617362e+00
5.10153061e+02 6.71400267e+00
5.10953301e+02 6.72187620e+00
5.11753541e+02 6.72979252e+00
5.12553782e+02 6.73775229e+00
5.13354022e+02 6.74575794e+00
5.14154262e+02 6.75381298e+00
5.14954502e+02 6.76192169e+00
5.15754742e+02 6.77008909e+00
5.16554982e+02 6.77832087e+00
5.17355222e+02 6.78662292e+00
5.18155462e+02 6.79500072e+00
5.18955702e+02 6.80345884e+00
5.19755942e+02 6.81200074e+00
5.20556182e+02 6.82062882e+00
5.21356423e+02 6.82934462e+00
5.22156663e+02 6.83814926e+00
5.22956903e+02 6.84704416e+00
5.23757143e+02 6.85603145e+00
5.24557383e+02 6.86511405e+00
5.25357623e+02 6.87429509e+00
5.26157863e+02 6.88357720e+00
5.26958103e+02 6.89296213e+00
5.27758343e+02 6.90245076e+00
5.28558583e+02 6.91204337e+00
5.29358824e+02 6.92173994e+00
5.30159064e+02 6.93154066e+00
5.30959304e+02 6.94144643e+00
5.31759544e+02 6.95145923e+00
5.32559784e+02 6.96158207e+00
5.33360024e+02 6.97181861e+00
5.34160264e+02 6.98217282e+00
5.34960504e+02 6.99264900e+00
5.35760744e+02 7.00325158e+00
5.36560984e+02 7.01398488e+00
5.37361224e+02 7.02485265e+00
5.38161465e+02 7.03585814e+00
5.38961705e+02 7.04700468e+00
5.39761945e+02 7.05829625e+00
5.40562185e+02 7.06973758e+00
5.41362425e+02 7.08133385e+00
5.42162665e+02 7.09309054e+00
5.42962905e+02 7.10501350e+00
5.43763145e+02 7.11710883e+00
5.44563385e+02 7.12938216e+00
5.45363625e+02 7.14183817e+00
5.46163866e+02 7.15448065e+00
5.46964106e+02 7.16731281e+00
5.47764346e+02 7.18033750e+00
5.48564586e+02 7.19355754e+00
5.49364826e+02 7.20697628e+00
5.50165066e+02 7.22059772e+00
5.50965306e+02 7.23442585e+00
5.51765546e+02 7.24846377e+00
5.52565786e+02 7.26271389e+00
5.53366026e+02 7.27717888e+00
5.54166267e+02 7.29186231e+00
5.54966507e+02 7.30676842e+00
5.55766747e+02 7.32190158e+00
5.56566987e+02 7.33726555e+00
5.57367227e+02 7.35286296e+00
5.58167467e+02 7.36869501e+00
5.58967707e+02 7.38476127e+00
5.59767947e+02 7.40105950e+00
5.60568187e+02 7.41758668e+00
5.61368427e+02 7.43434041e+00
5.62168667e+02 7.45131915e+00
5.62968908e+02 7.46852083e+00
5.63769148e+02 7.48594205e+00
5.64569388e+02 7.50357923e+00
5.65369628e+02 7.52142988e+00
5.66169868e+02 7.53949167e+00
5.66970108e+02 7.55776070e+00
5.67770348e+02 7.57623100e+00
5.68570588e+02 7.59489479e+00
5.69370828e+02 7.61374328e+00
5.70171068e+02 7.63276837e+00
5.70971309e+02 7.65196357e+00
5.71771549e+02 7.67132200e+00
5.72571789e+02 7.69083329e+00
5.73372029e+02 7.71048430e+00
5.74172269e+02 7.73026256e+00
5.74972509e+02 7.75015696e+00
5.75772749e+02 7.77015488e+00
5.76572989e+02 7.79024110e+00
5.77373229e+02 7.81039965e+00
5.78173469e+02 7.83061468e+00
5.78973709e+02 7.85086891e+00
5.79773950e+02 7.87114333e+00
5.80574190e+02 7.89141835e+00
5.81374430e+02 7.91167380e+00
5.82174670e+02 7.93188882e+00
5.82974910e+02 7.95204250e+00
5.83775150e+02 7.97211340e+00
5.84575390e+02 7.99207858e+00
5.85375630e+02 8.01191311e+00
5.86175870e+02 8.03159021e+00
5.86976110e+02 8.05108174e+00
5.87776351e+02 8.07035824e+00
5.88576591e+02 8.08938872e+00
5.89376831e+02 8.10814096e+00
5.90177071e+02 8.12658233e+00
5.90977311e+02 8.14467990e+00
5.91777551e+02 8.16239906e+00
5.92577791e+02 8.17970153e+00
5.93378031e+02 8.19654455e+00
5.94178271e+02 8.21288186e+00
5.94978511e+02 8.22866620e+00
5.95778752e+02 8.24385152e+00
5.96578992e+02 8.25839343e+00
5.97379232e+02 8.27224831e+00
5.98179472e+02 8.28537306e+00
5.98979712e+02 8.29772516e+00
5.99779952e+02 8.30926243e+00
6.00580192e+02 8.31994213e+00
6.01380432e+02 8.32971986e+00
6.02180672e+02 8.33854864e+00
6.02980912e+02 8.34637912e+00
6.03781152e+02 8.35316160e+00
6.04581393e+02 8.35884973e+00
6.05381633e+02 8.36340531e+00
6.06181873e+02 8.36680404e+00
6.06982113e+02 8.36904130e+00
6.07782353e+02 8.37013576e+00
6.08582593e+02 8.37013061e+00
6.09382833e+02 8.36909304e+00
6.10183073e+02 8.36711150e+00
6.10983313e+02 8.36429025e+00
6.11783553e+02 8.36074203e+00
6.12583794e+02 8.35657746e+00
6.13384034e+02 8.35188782e+00
6.14184274e+02 8.34672163e+00
6.14984514e+02 8.34106291e+00
6.15784754e+02 8.33482128e+00
6.16584994e+02 8.32783957e+00
6.17385234e+02 8.31991674e+00
6.18185474e+02 8.31083924e+00
6.18985714e+02 8.30041347e+00
6.19785954e+02 8.28849449e+00
6.20586194e+02 8.27500839e+00
6.21386435e+02 8.25996345e+00
6.22186675e+02 8.24344546e+00
6.22986915e+02 8.22559853e+00
6.23787155e+02 8.20659809e+00
6.24587395e+02 8.18662606e+00
6.25387635e+02 8.16585754e+00
6.26187875e+02 8.14446304e+00
6.26988115e+02 8.12262276e+00
6.27788355e+02 8.10053950e+00
6.28588595e+02 8.07843523e+00
6.29388836e+02 8.05652643e+00
6.30189076e+02 8.03498125e+00
6.30989316e+02 8.01387293e+00
6.31789556e+02 7.99315770e+00
6.32589796e+02 7.97270120e+00
6.33390036e+02 7.95233318e+00
6.34190276e+02 7.93188453e+00
6.34990516e+02 7.91120793e+00
6.35790756e+02 7.89020394e+00
6.36590996e+02 7.86884215e+00
6.37391236e+02 7.84715977e+00
6.38191477e+02 7.82525310e+00
6.38991717e+02 7.80329719e+00
6.39791957e+02 7.78155252e+00
6.40592197e+02 7.76030179e+00
6.41392437e+02 7.73978760e+00
6.42192677e+02 7.72023232e+00
6.42992917e+02 7.70189353e+00
6.43793157e+02 7.68508766e+00
6.44593397e+02 7.67017763e+00
6.45393637e+02 7.65751702e+00
6.46193878e+02 7.64735202e+00
6.46994118e+02 7.63977786e+00
6.47794358e+02 7.63484959e+00
6.48594598e+02 7.63272656e+00
6.49394838e+02 7.63369292e+00
6.50195078e+02 7.63809500e+00
6.50995318e+02 7.64624859e+00
6.51795558e+02 7.65832345e+00
6.52595798e+02 7.67431495e+00
6.53396038e+02 7.69420550e+00
6.54196279e+02 7.71813444e+00
6.54996519e+02 7.74640787e+00
6.55796759e+02 7.77941774e+00
6.56596999e+02 7.81756768e+00
6.57397239e+02 7.86123135e+00
6.58197479e+02 7.91072033e+00
6.58997719e+02 7.96630362e+00
6.59797959e+02 8.02834158e+00
6.60598199e+02 8.09737357e+00
6.61398439e+02 8.17408661e+00
6.62198679e+02 8.25925959e+00
6.62998920e+02 8.35373077e+00
6.63799160e+02 8.45832128e+00
6.64599400e+02 8.57372289e+00
6.65399640e+02 8.70050219e+00
6.66199880e+02 8.83916472e+00
6.67000120e+02 8.99019811e+00
6.67800360e+02 9.15406378e+00
6.68600600e+02 9.33111777e+00
6.69400840e+02 9.52147596e+00
6.70201080e+02 9.72489825e+00
6.71001321e+02 9.94080225e+00
6.71801561e+02 1.01684901e+01
6.72601801e+02 1.04075661e+01
6.73402041e+02 1.06583297e+01
6.74202281e+02 1.09218472e+01
6.75002521e+02 1.11997132e+01
6.75802761e+02 1.14937057e+01
6.76603001e+02 1.18054677e+01
6.77403241e+02 1.21363736e+01
6.78203481e+02 1.24876086e+01
6.79003721e+02 1.28601901e+01
6.79803962e+02 1.32549664e+01
6.80604202e+02 1.36728036e+01
6.81404442e+02 1.41148847e+01
6.82204682e+02 1.45827498e+01
6.83004922e+02 1.50778626e+01
6.83805162e+02 1.56008041e+01
6.84605402e+02 1.61502855e+01
6.85405642e+02 1.67227161e+01
6.86205882e+02 1.73138298e+01
6.87006122e+02 1.79226135e+01
6.87806363e+02 1.85527919e+01
6.88606603e+02 1.92085431e+01
6.89406843e+02 1.98899826e+01
6.90207083e+02 2.05923404e+01
6.91007323e+02 2.13107159e+01
6.91807563e+02 2.20467274e+01
6.92607803e+02 2.28059515e+01
6.93408043e+02 2.35924020e+01
6.94208283e+02 2.44076656e+01
6.95008523e+02 2.52519033e+01
6.95808764e+02 2.61246600e+01
6.96609004e+02 2.70252759e+01
6.97409244e+02 2.79530620e+01
6.98209484e+02 2.89073656e+01
6.99009724e+02 2.98875900e+01
6.99809964e+02 3.08931961e+01
7.00610204e+02 3.19236981e+01
7.01410444e+02 3.29786572e+01
7.02210684e+02 3.40576755e+01
7.03010924e+02 3.51603915e+01
7.03811164e+02 3.62864748e+01
7.04611405e+02 3.74356229e+01
7.05411645e+02 3.86075580e+01
7.06211885e+02 3.98020244e+01
7.07012125e+02 4.10187861e+01
7.07812365e+02 4.22576251e+01
7.08612605e+02 4.35183394e+01
7.09412845e+02 4.48007423e+01
7.10213085e+02 4.61046603e+01
7.11013325e+02 4.74299328e+01
7.11813565e+02 4.87764106e+01
7.12613806e+02 5.01439554e+01
7.13414046e+02 5.15324388e+01
7.14214286e+02 5.29417419e+01
7.15014526e+02 5.43717546e+01
7.15814766e+02 5.58223751e+01
7.16615006e+02 5.72935091e+01
7.17415246e+02 5.87850701e+01
7.18215486e+02 6.02969782e+01
7.19015726e+02 6.18291603e+01
7.19815966e+02 6.33815497e+01
7.20616206e+02 6.49540854e+01
7.21416447e+02 6.65467125e+01
7.22216687e+02 6.81593812e+01
7.23016927e+02 6.97920475e+01
7.23817167e+02 7.14446720e+01
7.24617407e+02 7.31172205e+01
7.25417647e+02 7.48096633e+01
7.26217887e+02 7.65219756e+01
7.27018127e+02 7.82541366e+01
7.27818367e+02 8.00061302e+01
7.28618607e+02 8.17779442e+01
7.29418848e+02 8.35695706e+01
7.30219088e+02 8.53810053e+01
7.31019328e+02 8.72122482e+01
7.31819568e+02 8.90633028e+01
7.32619808e+02 9.09341766e+01
7.33420048e+02 9.28248804e+01
7.34220288e+02 9.47354288e+01
7.35020528e+02 9.66658398e+01
7.35820768e+02 9.86161351e+01
7.36621008e+02 1.00586340e+02
7.37421248e+02 1.02576482e+02
7.38221489e+02 1.04586593e+02
7.39021729e+02 1.06616709e+02
7.39821969e+02 1.08666867e+02
7.40622209e+02 1.10737109e+02
7.41422449e+02 1.12827481e+02
7.42222689e+02 1.14938029e+02
7.43022929e+02 1.17068806e+02
7.43823169e+02 1.19219866e+02
7.44623409e+02 1.21391266e+02
7.45423649e+02 1.23583067e+02
7.46223890e+02 1.25795334e+02
7.47024130e+02 1.28028134e+02
7.47824370e+02 1.30281537e+02
7.48624610e+02 1.32555617e+02
7.49424850e+02 1.34850451e+02
7.50225090e+02 1.37166119e+02
7.51025330e+02 1.39502706e+02
7.51825570e+02 1.41860296e+02
7.52625810e+02 1.44238981e+02
7.53426050e+02 1.46638855e+02
7.54226291e+02 1.49060013e+02
7.55026531e+02 1.51502556e+02
7.55826771e+02 1.53966589e+02
7.56627011e+02 1.56452217e+02
7.57427251e+02 1.58959553e+02
7.58227491e+02 1.61488709e+02
7.59027731e+02 1.64039805e+02
7.59827971e+02 1.66612961e+02
7.60628211e+02 1.69208303e+02
7.61428451e+02 1.71825960e+02
7.62228691e+02 1.74466064e+02
7.63028932e+02 1.77128754e+02
7.63829172e+02 1.79814169e+02
7.64629412e+02 1.82522454e+02
7.65429652e+02 1.85253758e+02
7.66229892e+02 1.88008235e+02
7.67030132e+02 1.90786041e+02
7.67830372e+02 1.93587339e+02
7.68630612e+02 1.96412294e+02
7.69430852e+02 1.99261077e+02
7.70231092e+02 2.02133863e+02
7.71031333e+02 2.05030833e+02
7.71831573e+02 2.07952170e+02
7.72631813e+02 2.10898066e+02
7.73432053e+02 2.13868714e+02
7.74232293e+02 2.16864314e+02
7.75032533e+02 2.19885071e+02
7.75832773e+02 2.22931196e+02
7.76633013e+02 2.26002905e+02
7.77433253e+02 2.29100420e+02
7.78233493e+02 2.32223967e+02
7.79033733e+02 2.35373781e+02
7.79833974e+02 2.38550100e+02
7.80634214e+02 2.41753171e+02
7.81434454e+02 2.44983246e+02
7.82234694e+02 2.48240582e+02
7.83034934e+02 2.51525446e+02
7.83835174e+02 2.54838110e+02
7.84635414e+02 2.58178854e+02
7.85435654e+02 2.61547964e+02
7.86235894e+02 2.64945734e+02
7.87036134e+02 2.68372468e+02
7.87836375e+02 2.71828474e+02
7.88636615e+02 2.75314071e+02
7.89436855e+02 2.78829586e+02
7.90237095e+02 2.82375355e+02
7.91037335e+02 2.85951721e+02
7.91837575e+02 2.89559038e+02
7.92637815e+02 2.93197671e+02
7.93438055e+02 2.96867991e+02
7.94238295e+02 3.00570382e+02
7.95038535e+02 3.04305237e+02
7.95838776e+02 3.08072961e+02
7.96639016e+02 3.11873970e+02
7.97439256e+02 3.15708691e+02
7.98239496e+02 3.19577562e+02
7.99039736e+02 3.23481036e+02
7.99839976e+02 3.27419575e+02
8.00640216e+02 3.31393658e+02
8.01440456e+02 3.35403775e+02
8.02240696e+02 3.39450431e+02
8.03040936e+02 3.43534146e+02
8.03841176e+02 3.47655454e+02
8.04641417e+02 3.51814905e+02
8.05441657e+02 3.56013067e+02
8.06241897e+02 3.60250522e+02
8.07042137e+02 3.64527872e+02
8.07842377e+02 3.68845735e+02
8.08642617e+02 3.73204748e+02
8.09442857e+02 3.77605570e+02
8.10243097e+02 3.82048877e+02
8.11043337e+02 3.86535368e+02
8.11843577e+02 3.91065763e+02
8.12643818e+02 3.95640806e+02
8.13444058e+02 4.00261264e+02
8.14244298e+02 4.04927926e+02
8.15044538e+02 4.09641612e+02
8.15844778e+02 4.14403164e+02
8.16645018e+02 4.19213453e+02
8.17445258e+02 4.24073381e+02
8.18245498e+02 4.28983879e+02
8.19045738e+02 4.33945907e+02
8.19845978e+02 4.38960462e+02
8.20646218e+02 4.44028574e+02
8.21446459e+02 4.49151306e+02
8.22246699e+02 4.54329762e+02
8.23046939e+02 4.59565085e+02
8.23847179e+02 4.64858457e+02
8.24647419e+02 4.70211104e+02
8.25447659e+02 4.75624297e+02
8.26247899e+02 4.81099354e+02
8.27048139e+02 4.86637642e+02
8.27848379e+02 4.92240579e+02
8.28648619e+02 4.97909640e+02
8.29448860e+02 5.03646353e+02
8.30249100e+02 5.09452309e+02
8.31049340e+02 5.15329161e+02
8.31849580e+02 5.21278626e+02
8.32649820e+02 5.27302494e+02
8.33450060e+02 5.33402624e+02
8.34250300e+02 5.39580957e+02
8.35050540e+02 5.45839511e+02
8.35850780e+02 5.52180391e+02
8.36651020e+02 5.58605793e+02
8.37451261e+02 5.65118008e+02
8.38251501e+02 5.71719427e+02
8.39051741e+02 5.78412549e+02
8.39851981e+02 5.85199985e+02
8.40652221e+02 5.92084465e+02
8.41452461e+02 5.99068847e+02
8.42252701e+02 6.06156121e+02
8.43052941e+02 6.13349423e+02
8.43853181e+02 6.20652036e+02
8.44653421e+02 6.28067407e+02
8.45453661e+02 6.35599153e+02
8.46253902e+02 6.43251074e+02
8.47054142e+02 6.51027162e+02
8.47854382e+02 6.58931619e+02
8.48654622e+02 6.66968866e+02
8.49454862e+02 6.75143563e+02
8.50255102e+02 6.83460620e+02
8.51055342e+02 6.91925219e+02
8.51855582e+02 7.00542833e+02
8.52655822e+02 7.09319247e+02
8.53456062e+02 7.18260579e+02
8.54256303e+02 7.27373309e+02
8.55056543e+02 7.36664303e+02
8.55856783e+02 7.46140847e+02
8.56657023e+02 7.55810677e+02
8.57457263e+02 7.65682017e+02
8.58257503e+02 7.75763622e+02
8.59057743e+02 7.86064815e+02
8.59857983e+02 7.96595543e+02
8.60658223e+02 8.07366429e+02
8.61458463e+02 8.18388832e+02
8.62258703e+02 8.29674910e+02
8.63058944e+02 8.41237702e+02
8.63859184e+02 8.53091203e+02
8.64659424e+02 8.65250461e+02
8.65459664e+02 8.77731678e+02
8.66259904e+02 8.90552328e+02
8.67060144e+02 9.03731287e+02
8.67860384e+02 9.17288979e+02
8.68660624e+02 9.31247546e+02
8.69460864e+02 9.45631036e+02
8.70261104e+02 9.60465617e+02
8.71061345e+02 9.75779826e+02
8.71861585e+02 9.91604849e+02
8.72661825e+02 1.00797485e+03
8.73462065e+02 1.02492733e+03
8.74262305e+02 1.04250359e+03
8.75062545e+02 1.06074921e+03
8.75862785e+02 1.07971464e+03
8.76663025e+02 1.09945593e+03
8.77463265e+02 1.12003549e+03
8.78263505e+02 1.14152314e+03
8.79063745e+02 1.16399719e+03
8.79863986e+02 1.18754593e+03
8.80664226e+02 1.21226927e+03
8.81464466e+02 1.23828082e+03
8.82264706e+02 1.26571045e+03
8.83064946e+02 1.29470745e+03
8.83865186e+02 1.32544440e+03
8.84665426e+02 1.35812207e+03
8.85465666e+02 1.39297554e+03
8.86265906e+02 1.43028176e+03
8.87066146e+02 1.47036892e+03
8.87866387e+02 1.51362776e+03
8.88666627e+02 1.56052449e+03
8.89466867e+02 1.61161444e+03
8.90267107e+02 1.66755351e+03
8.91067347e+02 1.72910092e+03
8.91867587e+02 1.79710035e+03
8.92667827e+02 1.87241475e+03
8.93468067e+02 1.95577143e+03
8.94268307e+02 2.04744884e+03
8.95068547e+02 2.14671352e+03
8.95868788e+02 2.25093561e+03
8.96669028e+02 2.35448371e+03
8.97469268e+02 2.44805391e+03
8.98269508e+02 2.52021492e+03
8.99069748e+02 2.56370514e+03
8.99869988e+02 2.58512077e+03
9.00670228e+02 2.60611714e+03
9.01470468e+02 2.64786124e+03
9.02270708e+02 2.71702360e+03
9.03070948e+02 2.80823307e+03
9.03871188e+02 2.91266463e+03
9.04671429e+02 3.02299371e+03
9.05471669e+02 3.13451135e+03
9.06271909e+02 3.24464113e+03
9.07072149e+02 3.35218080e+03
9.07872389e+02 3.45670582e+03
9.08672629e+02 3.55818953e+03
9.09472869e+02 3.65678684e+03
9.10273109e+02 3.75272047e+03
9.11073349e+02 3.84622550e+03
9.11873589e+02 3.93752489e+03
9.12673830e+02 4.02682050e+03
9.13474070e+02 4.11429131e+03
9.14274310e+02 4.20009485e+03
9.15074550e+02 4.28436959e+03
9.15874790e+02 4.36723756e+03
9.16675030e+02 4.44880674e+03
9.17475270e+02 4.52917319e+03
9.18275510e+02 4.60842274e+03
9.19075750e+02 4.68663253e+03
9.19875990e+02 4.76387215e+03
9.20676230e+02 4.84020473e+03
9.21476471e+02 4.91568771e+03
9.22276711e+02 4.99037363e+03
9.23076951e+02 5.06431064e+03
9.23877191e+02 5.13754308e+03
9.24677431e+02 5.21011189e+03
9.25477671e+02 5.28205497e+03
9.26277911e+02 5.35340752e+03
9.27078151e+02 5.42420232e+03
9.27878391e+02 5.49446994e+03
9.28678631e+02 5.56423903e+03
9.29478872e+02 5.63353641e+03
9.30279112e+02 5.70238731e+03
9.31079352e+02 5.77081548e+03
9.31879592e+02 5.83884336e+03
9.32679832e+02 5.90649212e+03
9.33480072e+02 5.97378186e+03
9.34280312e+02 6.04073162e+03
9.35080552e+02 6.10735953e+03
9.35880792e+02 6.17368284e+03
9.36681032e+02 6.23971801e+03
9.37481273e+02 6.30548078e+03
9.38281513e+02 6.37098620e+03
9.39081753e+02 6.43624870e+03
9.39881993e+02 6.50128215e+03
9.40682233e+02 6.56609988e+03
9.41482473e+02 6.63071473e+03
9.42282713e+02 6.69513910e+03
9.43082953e+02 6.75938495e+03
9.43883193e+02 6.82346387e+03
9.44683433e+02 6.88738710e+03
9.45483673e+02 6.95116553e+03
9.46283914e+02 7.01480978e+03
9.47084154e+02 7.07833016e+03
9.47884394e+02 7.14173674e+03
9.48684634e+02 7.20503937e+03
9.49484874e+02 7.26824766e+03
9.50285114e+02 7.33137105e+03
9.51085354e+02 7.39441880e+03
9.51885594e+02 7.45740002e+03
9.52685834e+02 7.52032367e+03
9.53486074e+02 7.58319859e+03
9.54286315e+02 7.64603353e+03
9.55086555e+02 7.70883715e+03
9.55886795e+02 7.77161801e+03
9.56687035e+02 7.83438465e+03
9.57487275e+02 7.89714554e+03
9.58287515e+02 7.95990914e+03
9.59087755e+02 8.02268389e+03
9.59887995e+02 8.08547824e+03
9.60688235e+02 8.14830066e+03
9.61488475e+02 8.21115966e+03
9.62288715e+02 8.27406380e+03
9.63088956e+02 8.33702171e+03
9.63889196e+02 8.40004211e+03
9.64689436e+02 8.46313383e+03
9.65489676e+02 8.52630583e+03
9.66289916e+02 8.58956721e+03
9.67090156e+02 8.65292725e+03
9.67890396e+02 8.71639542e+03
9.68690636e+02 8.77998142e+03
9.69490876e+02 8.84369517e+03
9.70291116e+02 8.90754690e+03
9.71091357e+02 8.97154713e+03
9.71891597e+02 9.03570672e+03
9.72691837e+02 9.10003693e+03
9.73492077e+02 9.16454944e+03
9.74292317e+02 9.22925640e+03
9.75092557e+02 9.29417047e+03
9.75892797e+02 9.35930494e+03
9.76693037e+02 9.42467370e+03
9.77493277e+02 9.49029140e+03
9.78293517e+02 9.55617348e+03
9.79093758e+02 9.62233631e+03
9.79893998e+02 9.68879727e+03
9.80694238e+02 9.75557487e+03
9.81494478e+02 9.82268895e+03
9.82294718e+02 9.89016078e+03
9.83094958e+02 9.95801334e+03
9.83895198e+02 1.00262715e+04
9.84695438e+02 1.00949624e+04
9.85495678e+02 1.01641155e+04
9.86295918e+02 1.02337637e+04
9.87096158e+02 1.03039428e+04
9.87896399e+02 1.03746932e+04
9.88696639e+02 1.04460598e+04
9.89496879e+02 1.05180938e+04
9.90297119e+02 1.05908531e+04
9.91097359e+02 1.06644043e+04
9.91897599e+02 1.07388238e+04
9.92697839e+02 1.08142001e+04
9.93498079e+02 1.08906334e+04
9.94298319e+02 1.09682343e+04
9.95098559e+02 1.10471118e+04
9.95898800e+02 1.11273413e+04
9.96699040e+02 1.12088772e+04
9.97499280e+02 1.12913311e+04
9.98299520e+02 1.13734184e+04
9.99099760e+02 1.14515581e+04
9.99900000e+02 1.15161252e+04
