# t = 1
# W = 100
# L = 200
# xic = 1.842635463847123
# plate_distance = 9.213177319235614
# E_dis = 0.03769911184307752
# E_img = 2.170803763674803
# omB0 = 0.37699111843077515
# iter_dis = 1
# Ncore = 5
arrE G0 GIMG
0.11309733552923254 1.440470857029271e-80 5.7879054047308075e-71
0.11624417291179327 1.7978687147131124e-78 3.476235324770227e-69
0.11939101029435399 1.1502207044275138e-75 2.6541986273132815e-67
0.12253784767691472 2.373913307193132e-72 2.7056528696856148e-65
0.12568468505947544 6.716349247630896e-70 4.062225698563883e-63
0.1288315224420362 8.05037789903443e-65 8.048821320843277e-61
0.13197835982459688 1.9350928312808246e-53 2.439542923684937e-58
0.13512519720715763 1.3922584043047951e-38 1.2517814976885063e-55
0.13827203458971837 9.58408264290557e-24 1.2394147919918246e-52
0.1414188719722791 3.58894200145219e-07 2.84865677637686e-49
0.1445657093548398 0.0026489258421139245 2.0148745306838983e-45
0.14771254673740056 0.562524695834115 7.116094075755359e-41
0.15085938411996128 0.9965422514531848 3.2561850611576903e-35
0.154006221502522 0.9985236319676102 4.1549544823888656e-27
0.1571530588850827 0.9988609043563164 1.7526165401125104e-17
0.16029989626764346 0.9997193386718379 1.2630641615513348e-10
0.16344673365020418 0.9999802112589055 4.176352548215448e-08
0.1665935710327649 0.9994682549289061 0.010101462410252327
0.16974040841532564 0.9997658966444325 9.834917881663374e-05
0.17288724579788636 0.9996936634000342 0.00017375842178121075
0.17603408318044708 0.9985042433810185 3.438074950931123e-05
0.17918092056300783 0.9996513525575172 0.020434091245369133
0.18232775794556855 0.9999982810671505 0.03156449391066419
0.18547459532812927 0.9999350206452392 0.10542213612823584
0.18862143271068998 0.9998808228176642 0.5014251763354722
0.19176827009325073 0.9998833199754776 0.48073474534406735
0.19491510747581145 0.9999261705584962 0.770963023199311
0.1980619448583722 0.9999831919651537 0.9438268225024828
0.20120878224093292 0.9999896249975994 0.7976693136711016
0.20435561962349363 0.9998374079970752 0.81743493723745
0.20750245700605435 0.9998244216008899 0.9725554008360069
0.21064929438861507 0.9997183608738375 0.965728525255162
0.21379613177117582 0.9998306640186492 0.9984466247577346
0.21694296915373656 0.9999950437743499 0.9704659885940954
0.22008980653629728 1.031128799750339 0.9963224090209503
0.223236643918858 1.753849307342292 0.9947099534876137
0.22638348130141872 1.9971871264388483 0.9990189455655264
0.22953031868397944 1.9996715846165791 0.9998477855541947
0.23267715606654019 1.9996885684492927 0.9989584904170935
0.2358239934491009 1.999219487907687 0.9997000496244994
0.23897083083166165 1.99978563553175 0.9996776685012211
0.24211766821422237 1.9991610192564995 1.012871950658901
0.2452645055967831 1.9995912856828881 0.9993951082435548
0.2484113429793438 1.999743412195159 0.9998144333778883
0.2515581803619045 1.9983202094502683 0.9988525904137258
0.2547050177444653 1.9996990120287252 1.0278064301282512
0.25785185512702596 1.9999435248019484 1.0480195027071888
0.26099869250958674 1.9998286700148504 1.094269609757766
0.26414552989214746 1.9997334211845073 1.473232678702355
0.2672923672747082 1.9997958461535503 1.3596497931750735
0.2704392046572689 1.9997399371938143 1.7151514525568619
0.2735860420398296 1.9999610250910786 1.9393622248953692
0.2767328794223904 1.99991319517478 1.8009260679651498
0.2798797168049511 1.9998998124436973 1.7960306758418298
0.2830265541875118 1.9998023934208642 1.9796006031148727
0.28617339157007254 1.999730467071001 1.9738783501970054
0.28932022895263326 1.9997563681411896 1.9947004022665764
0.292467066335194 1.9999681391315467 1.9829077801984003
0.2956139037177547 1.9998736534333117 1.9967592749233218
0.2987607411003155 1.9997596121281358 1.9963837979002528
0.3019075784828762 1.999851586468883 1.9996169907553327
0.3050544158654369 1.9998865607748602 1.999632598589209
0.30820125324799763 1.9996904201443924 1.9984467640972239
0.31134809063055835 1.9998137075511782 1.9990985854955212
0.31449492801311907 1.9999551808772857 1.9984281347791033
0.3176417653956798 1.999799881524936 1.999841927573844
0.32078860277824056 1.9999938537544815 1.998859457924085
0.3239354401608013 1.9998673971774195 1.9996982188911345
0.327082277543362 1.999943617662004 1.9996427688620424
0.3302291149259227 1.999926232283282 1.9987650814598512
0.33337595230848344 1.999875862177505 1.9984515042461337
0.33652278969104416 1.9999458618475103 1.9997281959801723
0.3396696270736049 1.9998174729232259 1.997323590694734
0.34281646445616565 1.9999605155586335 1.999627262874748
0.34596330183872637 1.9998323567708174 1.9976486859648936
0.3491101392212871 1.9999698156537038 1.9998934624175746
0.3522569766038478 1.9999148211004745 1.999346737996561
0.3554038139864085 1.999974779777608 1.9993243510673524
0.35855065136896924 1.9999150640182015 1.99962749059713
0.36169748875152996 1.9999943144686272 1.9999624512713425
0.36484432613409074 1.9999065450520068 1.9995649928688026
0.36799116351665145 1.9999708571853532 1.9995038923617656
0.3711380008992122 1.9999286114016621 1.9999323411787466
0.3742848382817729 1.9998788071629818 1.9993247126906895
0.3774316756643336 1.999878663921685 1.9995927982625845
0.38057851304689433 1.9999392573526842 1.9999014752837934
0.38372535042945516 1.999953540114497 1.999970973537953
0.3868721878120158 1.9999576414111722 1.9999585443753312
0.39001902519457654 1.9999733954840406 1.999922105361901
0.39316586257713726 1.9999462089806443 1.9998967205544083
0.396312699959698 1.9999944893452157 1.9999418029100584
0.3994595373422587 1.99994676708946 1.999906507847841
0.4026063747248194 1.9999603879312182 1.9998927567083444
0.40575321210738025 1.9999899167947128 1.9998910677018673
0.4089000494899409 1.99989592907792 1.9998717525199476
0.4120468868725016 1.9999761227297699 1.9998352471414593
0.41519372425506235 1.9999073829961072 1.9999476749596863
0.41834056163762307 1.9999665978087746 1.999981499144835
0.4214873990201838 1.999976457200884 1.9999543098419996
0.4246342364027445 1.9999621349352659 1.9999516620417812
0.42778107378530533 1.999983070644859 1.9999970601419934
0.430927911167866 1.9999709011111981 1.9999561007015616
0.4340747485504267 1.9999803993692817 1.9999809823317658
0.43722158593298743 1.9999814295162912 1.9999797997181876
0.44036842331554815 1.999957768445069 1.9999609093479382
0.44351526069810887 1.9999881599819802 1.999985709299956
0.4466620980806696 1.9999623750311577 1.9999420327433604
0.4498089354632304 1.9999104627666482 1.99997557865508
0.45295577284579114 1.9999830515345451 1.9999593415359727
0.4561026102283518 1.9999333435518414 1.9999766006097317
0.4592494476109125 1.9999831060838846 1.9999713000624693
0.46239628499347324 1.99999441950832 1.9999949523111755
0.46554312237603396 1.9999666059025594 1.9999691246394338
0.4686899597585948 1.9999835967572335 1.9999982133083112
0.4718367971411555 1.9999963219490153 1.9999769511993903
0.4749836345237162 1.9999741568019824 1.9999904792096854
0.4781304719062769 1.999973789088868 1.9999804625497581
0.4812773092888376 1.9999881234062415 1.9999882814911814
0.4844241466713983 1.9999592735632643 1.9999750271823655
0.48757098405395904 1.9999552284543485 1.99996866643666
0.4907178214365199 1.99996813699198 1.9999778173237714
0.4938646588190806 1.9999714089316427 1.9999616429598437
0.4970114962016413 1.999972833672938 1.9999981440729295
0.500158333584202 1.9999767834557454 1.9999749001409055
0.5033051709667627 2.404693125060467 1.999992812801994
0.5064520083493235 2.5397639485173897 1.999992426214596
0.5095988457318842 2.1027154560284504 1.9999849685655688
0.5127456831144449 2.8227064911015702 1.999994667404308
0.5158925204970056 2.9992625704328577 1.9999876114053936
0.5190393578795663 2.9990711311051594 1.9999911353673088
0.5221861952621271 2.9991594974090523 1.9999892978075149
0.5253330326446878 2.999611798243764 1.99997767919083
0.5284798700272486 2.999583373610858 1.9999953863600097
0.5316267074098093 2.9993904470038553 1.9999808268582002
0.53477354479237 2.998602678769182 2.0003954512714057
0.5379203821749308 2.9993378499603653 2.014257915840064
0.5410672195574915 2.99989148216055 2.055005905496558
0.5442140569400522 2.9998932935553912 2.007998607727988
0.5473608943226129 2.9998079370210373 2.378179571524535
0.5505077317051736 2.999899839176547 2.3650971700421866
0.5536545690877344 2.999638437203763 2.132034275058113
0.5568014064702951 2.999709221912718 2.132349367436894
0.5599482438528558 2.999734812783176 2.7182314693176726
0.5630950812354165 2.999897316093776 2.6802947987342516
0.5662419186179772 2.9998435710496087 2.2191404017050416
0.5693887560005381 2.9997006966864443 2.707423966590327
0.5725355933830988 2.9997711229470125 2.572859029773344
0.5756824307656595 2.999917829716018 2.7886521595723877
0.5788292681482202 3.064304807319263 2.879436852338458
0.5819761055307809 3.0216668475222166 2.973904927627639
0.5851229429133417 3.9342890457763873 2.9872105425096804
0.5882697802959024 3.9675646488077607 2.989094309204232
0.5914166176784631 3.998637018653847 2.995492840807374
0.5945634550610238 3.9995218366672103 2.9915377804984082
0.5977102924435845 3.998900268018143 2.9948457023955077
0.6008571298261453 3.9993815562473425 2.9999094027254762
0.604003967208706 3.999659163354179 2.99826232238725
0.6071508045912667 3.9992623444171054 2.9965175277371334
0.6102976419738274 3.998587668939415 2.997949047208349
0.6134444793563882 3.999476917760923 3.0703011690232436
0.616591316738949 3.9997299605739984 3.1808276646298697
0.6197381541215097 3.999897210860823 3.0064045674570923
0.6228849915040704 3.9996217681787174 3.5736590037474607
0.6260318288866311 3.9998169479908747 3.2800921645783565
0.6291786662691918 3.9994761435387574 3.1124242887000766
0.6323255036517526 3.9996530409086093 3.143886965036474
0.6354723410343134 3.9996133079140224 3.377307823066605
0.638619178416874 3.99986979540895 3.8860568334857475
0.6417660157994347 3.9997726415273767 3.295889044358164
0.6449128531819954 3.9996736557678334 3.5852950813296545
0.6480596905645561 3.9997313374195267 3.633808328730784
0.6512065279471169 3.9998525757673193 3.9261181059896884
0.6543533653296777 3.999469705680943 3.882814174608094
0.6575002027122384 3.9994571447047607 3.9680106666504478
0.6606470400947991 3.9998718539907614 3.986363801931828
0.6637938774773599 3.9997016549631748 3.987757003727639
0.6669407148599206 3.9998142237392047 3.9863773618280924
0.6700875522424813 3.9998328844713162 3.9928050904480634
0.673234389625042 3.9996980379923284 3.996944373924615
0.6763812270076028 3.999886600042208 3.999122663420034
0.6795280643901636 3.9997602628742492 3.998498994814364
0.6826749017727243 3.9999215672099915 3.999364185213291
0.6858217391552849 3.9998331418726267 3.9990580692693025
0.6889685765378456 3.999903074125011 3.998510353563102
0.6921154139204063 3.9997996964880542 3.99836030050432
0.695262251302967 3.999940995108865 3.996924611624124
0.6984090886855279 3.999748559471906 3.996363476673564
0.7015559260680886 3.9998700033410426 3.9964543750721853
0.7047027634506493 3.999743238986408 3.9990692955352567
0.70784960083321 3.999906882963712 3.999412017138283
0.7109964382157707 3.9998502835687417 3.9980701128389065
0.7141432755983315 3.9999007310988426 3.9982516975857605
0.7172901129808922 3.999874912694365 3.999712139804839
0.720436950363453 3.999889194560278 3.999449306067707
0.7235837877460137 3.999858736930202 3.999400569364674
0.7267306251285744 3.999910820084537 3.9995990090270928
0.7298774625111351 3.9999116622036057 3.9997925201925533
0.7330242998936958 3.9998768215532805 3.999833625511419
0.7361711372762565 3.999955481885894 3.9997746196821233
0.7393179746588173 3.999893795430245 3.9998020815232485
0.742464812041378 3.999898801412448 3.999911279238429
0.7456116494239388 3.9999151531239536 3.9996307314909707
0.7487584868064995 3.9997919530459773 3.999516501831448
0.7519053241890602 3.999929360033238 3.999778984988821
0.7550521615716208 3.9998543085122877 3.9999397483570123
0.7581989989541815 3.999950662955119 3.9999672235154367
0.7613458363367425 3.9999283195853157 3.9999085961364393
0.7644926737193032 3.999905811176819 3.9999322351702347
0.7676395111018639 3.999923610406755 3.999875133132482
0.7707863484844246 3.999886002401554 3.9998928309661803
0.7739331858669853 3.9999135096472003 3.9999476767659434
0.777080023249546 3.9999042855650617 3.999905856011555
0.7802268606321067 3.999929872906761 3.9999289909086935
0.7833736980146674 3.999965673946033 3.999969604916682
0.7865205353972281 3.99992522519361 3.999905071112181
0.7896673727797888 3.9998992373409044 3.9999621716486207
0.7928142101623495 3.999976527474342 3.999901186727629
0.7959610475449103 3.9998981705390277 3.9999406909972866
0.799107884927471 3.9998864093187563 3.9999277730362723
0.8022547223100319 3.9999686591971275 3.999921774673991
0.8054015596925926 3.9999169402458032 3.999971595999961
0.8085483970751534 3.9999355425249554 3.9999306601027027
0.8116952344577141 3.9999519441069737 3.999971058542656
0.8148420718402748 3.9999289537429967 3.9999565766612823
0.8179889092228355 3.9999037814987664 3.999949015581007
0.8211357466053961 3.9998575392317806 3.9999545510201564
0.8242825839879568 3.9999447743596077 3.999946029193403
0.8274294213705176 3.999945194574725 3.999960140046898
0.8305762587530783 3.9999549811729684 3.9999642804916973
0.833723096135639 3.9999496914754142 3.9999708626401485
0.8368699335181997 3.9999415537597454 3.9999456371962125
0.8400167709007604 3.999940329332709 3.9999869755115354
0.8431636082833212 4.000123099212757 3.9999395517756358
0.8463104456658821 4.001775714635725 3.999940386513984
0.8494572830484428 4.049815072934584 3.9999577994614453
0.8526041204310035 4.781570950840288 3.9999519105604757
0.8557509578135643 4.9975934327497376 3.999978112914931
0.858897795196125 4.999628924525241 3.999967178340996
0.8620446325786857 4.999328255700283 3.9999750101779368
0.8651914699612464 4.9991528478913585 3.9999688941144353
0.868338307343807 4.998455961521139 3.999971728373634
0.8714851447263677 4.999213226737836 3.9999690167851605
0.8746319821089285 4.997694428213455 3.9999483790683295
0.8777788194914892 4.999043298835509 3.9999784549219357
0.8809256568740499 4.9996172099952085 3.999969188295141
0.8840724942566106 4.999557670777997 3.999959479057184
0.8872193316391713 4.999665133080646 4.000947799524645
0.890366169021732 4.999554013306822 4.0164819254624655
0.8935130064042928 4.999493636911853 4.005575599659447
0.8966598437868535 4.9995580074580035 4.168517737244218
0.8998066811694144 4.999804904239874 4.156206020722752
0.9029535185519751 4.999865644782764 4.483681493111024
0.9061003559345359 4.999660827294079 4.508982332735248
0.9092471933170966 4.999742263906913 4.6649293384306665
0.9123940306996573 4.999810489170532 4.517159070743163
0.9155408680822179 4.9997493609373445 4.843255397704727
0.9186877054647786 4.997790510686573 4.387626036600673
0.9218345428473393 5.304527656077444 4.775248283642957
0.9249813802299001 5.898532678186264 4.792733561985321
0.9281282176124608 5.332494727832138 4.747961678274325
0.9312750549950215 5.99620833770616 4.990048294239822
0.9344218923775822 5.999483086434099 4.911621908350565
0.9375687297601429 5.99958895321921 4.980726904256183
0.9407155671427039 5.999139618766873 4.991326724194188
0.9438624045252646 5.998480188638276 4.996538434774583
0.9470092419078253 5.9990364557286275 4.998451006738523
0.950156079290386 5.997645673534664 4.998728300706186
0.9533029166729468 5.9991024135252715 4.9998357434691245
0.9564497540555075 5.99961953951829 4.998219527158262
0.9595965914380681 5.999494433305171 4.997874444502636
0.9627434288206288 5.99972423951978 4.998694247165282
0.9658902662031895 5.999486399364585 5.0053264925677095
0.9690371035857502 5.9994654079169765 5.00349681908745
0.972183940968311 5.999529865784764 5.222966439108716
0.9753307783508717 5.999665135053675 5.106685538182145
0.9784776157334324 5.999662084667388 5.454154666931953
0.9816244531159931 5.999561929862283 5.8275886057264925
0.984771290498554 5.999503387178291 5.668237611866721
0.9879181278811148 5.99980161053244 5.386377780756551
0.9910649652636755 5.999689039961658 5.970088062310895
0.9942118026462362 5.999509367436803 5.490660333796343
0.9973586400287969 5.9998155417568455 5.670429623759119
1.0005054774113575 5.999420015570684 5.887405612673687
1.0036523147939183 5.999476098635358 5.795792583437113
1.006799152176479 5.999828691144615 5.971412599359109
1.0099459895590397 5.999623701024422 5.916110843465862
1.0130928269416004 5.999901073957761 5.9766981729883195
1.0162396643241611 5.999698326616199 5.997319601828292
1.0193865017067218 5.999886351235794 5.9930333805475735
1.0225333390892826 5.999789236550954 5.9991725326644145
1.0256801764718435 5.999771862883323 5.998893515119019
1.0288270138544042 5.999897079792272 5.997012163799472
1.031973851236965 5.999722296336143 5.998979222524276
1.0351206886195257 5.999707315055895 5.99864472798369
1.0382675260020864 5.9998566507590825 5.998926885881656
1.041414363384647 5.999747673778537 5.999268038048478
1.0445612007672078 5.999846002758849 5.999017578799599
1.0477080381497685 5.999792204664918 5.997063369476531
1.0508548755323293 5.999804925605901 5.998074261085127
1.05400171291489 5.999704157467791 5.9968680822595415
1.0571485502974507 5.999802527458853 5.9973883390778004
1.0602953876800114 5.999731342765818 5.997056019805211
1.0634422250625721 5.999925897957061 5.999541441152265
1.0665890624451329 5.999813925659022 5.998417519846468
1.0697358998276936 5.9998887521265845 5.999593797821231
1.0728827372102543 5.999912483723967 5.999777945507277
1.076029574592815 5.999830451252323 5.999531191127864
1.0791764119753757 5.999894210195361 5.9997959797689395
1.0823232493579364 5.999903954014071 5.999752627588296
1.0854700867404972 5.999856990706448 5.999786661318537
1.0886169241230579 5.999792962682662 5.999742264910048
1.0917637615056186 5.999827913394812 5.999722497163984
1.0949105988881793 5.9998784596075465 5.999742425400153
1.09805743627074 5.999836681571245 5.9998541371701295
1.1012042736533008 5.999849254958418 5.9997667358700015
1.1043511110358615 5.999911796526796 5.999740002604967
1.1074979484184222 5.999788437036056 5.999805323026883
1.1106447858009831 5.999826174057936 5.999805647825488
1.1137916231835439 5.99984652297609 5.9998897012909875
1.1169384605661046 5.9998852075057645 5.999861923972214
1.1200852979486653 5.9999113622006 5.999879564261626
1.123232135331226 5.999873330168105 5.999949672084875
1.1263789727137867 5.999918641297813 5.9998898789114214
1.1295258100963474 5.999945809239395 5.999963416699928
1.1326726474789082 5.999902495232638 5.999891673200823
1.1358194848614689 5.999876529418817 5.999948558324418
1.1389663222440296 5.9998891563022365 5.999929987588753
1.1421131596265903 5.999911224658816 5.9999206381781365
1.145259997009151 5.999696986788661 5.9998990708687705
1.1484068343917118 5.999904205022138 5.999919519955219
1.1515536717742725 5.999875690646468 5.9999110660524035
1.1547005091568332 5.999906814430722 5.999933912349071
1.157847346539394 5.999938838115717 5.999916791228942
1.1609941839219546 5.999859091680465 5.999932499147208
1.1641410213045154 5.9998203122897875 5.999883191115073
1.167287858687076 5.9998806347958675 5.999906859652315
1.1704346960696368 5.997622065268134 5.999925578283112
1.1735815334521975 6.020671346346785 5.99995651729012
1.1767283708347582 6.2335334628641945 5.999921543935857
1.179875208217319 6.995553500302981 5.9999729408670195
1.1830220455998797 6.999114402296247 5.999953162005164
1.1861688829824404 6.998909751798525 5.999944120249836
1.189315720365001 6.998843017186533 5.999968619000701
1.1924625577475618 6.998875235493978 5.999953398358189
1.1956093951301228 6.999632193906062 5.999950619356898
1.1987562325126835 6.998845755548655 5.999942598391697
1.2019030698952442 6.998297988636071 5.999946272081179
1.205049907277805 6.999066036887454 5.999919247174329
1.2081967446603656 6.999591777087892 5.999933298318818
1.2113435820429264 6.999574236069152 5.999947312064905
1.214490419425487 6.999599841717313 5.999950191676672
1.2176372568080478 6.999694304781859 5.999950009861292
1.2207840941906085 6.99919595195409 6.0877287912953815
1.2239309315731692 6.99967068388711 6.0885907852820305
1.22707776895573 6.999757288498581 6.065172606255614
1.2302246063382907 6.999854944619655 6.117462487439105
1.2333714437208514 6.999607607278897 6.9140812872733255
1.236518281103412 6.999803391510941 6.853239303511966
1.2396651184859728 6.999784753383881 6.83504753749606
1.2428119558685335 6.99973551449125 6.689884730152574
1.2459587932510943 6.997144085284429 6.690476840111127
1.249105630633655 7.012978017464222 6.891361129409751
1.2522524680162157 7.7300863077331625 6.813823483781927
1.2553993053987764 7.997620150845614 6.876954039890134
1.2585461427813371 7.99855213682481 6.853055823411704
1.2616929801638979 7.998227736386541 6.871307627904114
1.2648398175464586 7.9988947420959935 6.992547378402616
1.2679866549290193 7.998483686689568 6.986033811636905
1.27113349231158 7.999607494065256 6.9888907351125935
1.2742803296941407 7.998575816476956 6.997830146208081
1.2774271670767015 7.998354899104755 6.998239898988057
1.2805740044592624 7.999081977992352 6.99598073206141
1.2837208418418231 7.999568132136996 6.9991020968780155
1.2868676792243838 7.999590634376337 6.998974547953459
1.2900145166069446 7.9996079071620665 6.998679184583382
1.2931613539895053 7.999613173489102 6.99906015983107
1.296308191372066 7.999427534821308 7.078688935454151
1.2994550287546267 7.999655883272069 7.133650226402227
1.3026018661371874 7.99960682946099 7.027509949717396
1.3057487035197481 7.999824472487846 7.233784465850146
1.3088955409023089 7.999536401618465 7.8840167887095065
1.3120423782848696 7.99969415380675 7.85070963558524
1.3151892156674303 7.999671946693755 7.752855354328369
1.318336053049991 7.999616907694786 7.553335808112952
1.3214828904325517 7.999420539096416 7.560231346129243
1.3246297278151127 7.9997401466586995 7.78473956292101
1.3277765651976732 7.9996232026763865 7.880771396177175
1.330923402580234 7.999564445775484 7.826243232023884
1.3340702399627946 7.999630147589911 7.848383823562071
1.3372170773453553 7.999338821880947 7.866329583217859
1.340363914727916 7.999742846574511 7.98851655106114
1.3435107521104768 7.999597236252128 7.996734808778743
1.3466575894930375 7.999838245220241 7.99428975624481
1.3498044268755982 7.999715744130081 7.998416153727403
1.352951264258159 7.99982395224117 7.999512021210702
1.3560981016407196 7.999798917119383 7.998451913534279
1.3592449390232804 7.99985388122039 7.9996532070104545
1.362391776405841 7.999761400962492 7.998815956977391
1.365538613788402 7.9998440763564584 7.99949567079027
1.3686854511709627 7.999819168228814 7.999262884728408
1.3718322885535235 7.999789535981625 7.998978089133696
1.3749791259360842 7.999788632104229 7.998109574303482
1.378125963318645 7.999721321235998 7.9973512299639795
1.3812728007012056 7.999694952465705 7.997004395897746
1.3844196380837663 7.999768090822707 7.9994359435913625
1.387566475466327 7.999771739079957 7.999029898919111
1.3907133128488878 7.999751200322539 7.99743870637878
1.3938601502314485 7.999749213179158 7.996311403790286
1.3970069876140092 7.999583262376802 7.998227583234734
1.40015382499657 7.9999019322990925 7.999068915555992
1.4033006623791306 7.99979984309089 7.999444136842922
1.4064474997616916 7.99975156226955 7.999844293699424
1.4095943371442523 7.999916148173043 7.999636896290103
1.412741174526813 7.999870445613048 7.999690020700148
1.4158880119093737 7.999837882838477 7.999753299521868
1.4190348492919342 7.999889422743172 7.9998841954976445
1.422181686674495 7.999889196225563 7.999855067720892
1.4253285240570557 7.999847205930277 7.9998884662574365
1.4284753614396164 7.999825057061031 7.999862321642393
1.4316221988221771 7.999903134204052 7.999867068681783
1.4347690362047378 7.9998659538351955 7.9998562718044415
1.4379158735872986 7.999607675237736 7.999776972197538
1.4410627109698593 7.999810447120876 7.9998571410098025
1.44420954835242 7.999852339359743 7.999866304259883
1.4473563857349807 7.999746307396697 7.99977371063891
1.4505032231175417 7.999789754613738 7.999899381545463
1.4536500605001024 7.999846904341379 7.9997622209998935
1.456796897882663 7.999739316742076 7.999830943350749
1.4599437352652238 7.9998470933748225 7.999845978774812
1.4630905726477845 7.99986658208917 7.99990783722728
1.4662374100303452 7.9998628948855375 7.999900743279091
1.469384247412906 7.9998700488794 7.99992317214877
1.4725310847954667 7.999868707087886 7.999931015802498
1.4756779221780274 7.9998747141565145 7.999891405779445
1.4788247595605881 8.004458730828741 7.999955701959478
1.4819715969431488 8.282781126631017 7.999935664480234
1.4851184343257096 8.420181148493992 7.99992701373486
1.4882652717082703 8.991668616952866 7.999904357537608
1.4914121090908312 8.998622931454424 7.999941259731974
1.494558946473392 8.998807879253809 7.999923561036822
1.4977057838559527 8.998112684534545 7.999870849497719
1.5008526212385134 8.998711567177553 7.99990061530955
1.503999458621074 8.999544969163393 7.999889949001001
1.5071462960036348 8.999261756954809 7.999906134424981
1.5102931333861955 8.998753689498782 7.99990569634941
1.513439970768756 8.999083760168302 7.999881746633536
1.516586808151317 8.999495366221304 7.99988425491084
1.5197336455338775 8.999316936887674 7.999918532952014
1.5228804829164384 8.999512858015988 7.99992739686333
1.526027320298999 8.999481987061856 7.999930821118305
1.5291741576815598 8.999630969663562 7.99995380366527
1.5323209950641203 8.999730552042534 8.002806723852963
1.5354678324466813 8.999755964442535 8.753523868331166
1.5386146698292422 8.999674415292368 8.15226753497607
1.5417615072118027 8.999596071933224 8.010135716199645
1.5449083445943637 8.999770021990749 8.28299060682778
1.5480551819769242 8.999620166655738 8.673593194173897
1.551202019359485 8.999586370228506 8.419356602692604
1.5543488567420456 9.00024035004552 8.83712475283465
1.5574956941246065 9.436065905110583 8.65089177927334
1.560642531507167 9.206517589505568 8.931203566688858
1.563789368889728 9.998488692981713 8.921122345086422
1.5669362062722885 9.9976518216803 8.756929951062698
1.5700830436548494 9.998385309762414 8.943341427028539
1.57322988103741 9.997823068504049 8.95320582660551
1.5763767184199708 9.998215070879041 8.997783390677593
1.5795235558025316 9.999635684818806 8.986789549340504
1.5826703931850923 9.999113920606 8.952861213990687
1.585817230567653 9.99870975132853 8.998979114926822
1.5889640679502137 9.999267173821403 8.997959155915872
1.5921109053327744 9.999540415499258 8.999669725142532
1.5952577427153352 9.999303894307788 8.999400143031767
1.5984045800978959 9.999571693357346 8.9976792267322
1.6015514174804566 9.999397605177684 8.998084508752966
1.6046982548630173 9.999486607401833 8.997653698555968
1.6078450922455778 9.999688825066912 9.035454721514972
1.6109919296281388 9.99959048491523 9.370522270088252
1.6141387670106992 9.999570850691722 9.280923025679947
1.6172856043932602 9.999409140726687 9.008719755044945
1.6204324417758211 9.999542402170226 9.318758297145989
1.6235792791583816 9.999431055741839 9.531911191375428
1.6267261165409421 9.999483641604366 9.510526963093268
1.629872953923503 9.999428714948507 9.757304753525712
1.6330197913060636 9.999550363772677 9.610179891770466
1.6361666286886245 9.998959533002829 9.937484109788086
1.639313466071185 9.99957915438907 9.904016993615047
1.642460303453746 9.999618819912262 9.832361778344163
1.6456071408363069 9.999662953396133 9.97342642472821
1.6487539782188674 9.99978240904047 9.978614258984932
1.6519008156014283 9.99966491407804 9.99508207805512
1.6550476529839888 9.999782502574735 9.996880865529983
1.6581944903665498 9.999794703031775 9.965382165460309
1.6613413277491103 9.999746273487377 9.998993579120102
1.6644881651316712 9.999789453541498 9.999334222818986
1.6676350025142317 9.999794164694883 9.998607607187335
1.6707818398967926 9.99971391060133 9.998145642162859
1.6739286772793531 9.99983101422879 9.999379554307529
1.677075514661914 9.999685445819319 9.999171249925837
1.6802223520444746 9.99963242158348 9.999093545119981
1.6833691894270355 9.999694160449227 9.997018735457074
1.6865160268095962 9.999541615313232 9.997996224675262
1.689662864192157 9.999715565747875 9.995829888778562
1.6928097015747177 9.99970249617451 9.994969618939198
1.6959565389572782 9.999581613384303 9.996102997467721
1.699103376339839 9.999642489780475 9.998582499749993
1.7022502137223996 9.999763660417665 9.998941452701885
1.7053970511049605 9.999705920898267 9.998828658930796
1.708543888487521 9.999858080553938 9.9991924619993
1.711690725870082 9.999830819594731 9.999763514525691
1.7148375632526425 9.999781971350519 9.999577579401425
1.7179844006352034 9.999850477636175 9.999721656001816
1.721131238017764 9.999832108383517 9.99967486927496
1.7242780754003249 9.999860764187117 9.999816319026998
1.7274249127828858 9.999881825772178 9.99981860901649
1.7305717501654463 9.99980359447787 9.999777858699831
1.7337185875480072 9.999749964121907 9.999776680270987
1.7368654249305677 9.999828981813865 9.999826722132607
1.7400122623131287 9.99988710263077 9.9997618868362
1.7431590996956892 9.999476615935912 9.999798728829091
1.74630593707825 9.999686550893953 9.999796444380188
1.7494527744608106 9.99981814006189 9.99974823022023
1.7525996118433715 9.999742225677043 9.999780763816695
1.755746449225932 9.999710248387668 9.999830541230205
1.758893286608493 9.999725901025345 9.999577775712538
1.7620401239910535 9.999693015661885 9.99983679158174
1.7651869613736144 9.99980327176546 9.999850407222393
1.7683337987561751 9.999860703106023 9.99986175821133
1.7714806361387359 9.99896394811884 9.999894932536403
1.7746274735212966 9.99981810636798 9.999889630450527
1.7777743109038573 10.060344070127778 9.999902558185177
1.780921148286418 10.961044373180233 9.999927798204423
1.7840679856689787 10.999180810912094 9.999909889751956
1.7872148230515394 10.999046000400561 9.999875119308644
1.7903616604341 10.998528299394765 9.999950842855744
1.7935084978166609 10.998528161361719 9.999911123157474
1.7966553351992214 10.999168995028818 9.999893822083749
1.7998021725817823 10.998447709851778 9.999881319218542
1.8029490099643428 10.998906643044977 9.999902253292358
1.8060958473469038 10.999123427378455 9.999828738898612
1.8092426847294647 10.998993144834047 9.999856143339862
1.8123895221120252 10.999309150142892 9.99988298914124
1.8155363594945861 10.999697034217172 9.999850230703828
1.8186831968771466 10.999148574472807 9.999862276578071
1.8218300342597076 10.999630047998776 9.999835795763833
1.824976871642268 10.999452668772904 9.999906324549574
1.828123709024829 10.999575357657562 9.999914833936097
1.8312705464073895 10.999640024404872 10.194154249075345
1.8344173837899505 10.99979006440108 10.044931877389264
1.837564221172511 10.999616057671188 10.040351636819883
1.8407110585550719 10.999705040591213 10.096219936075494
1.8438578959376324 10.999733748293822 10.814911505286512
1.8470047333201933 10.999704399830113 10.512323089927106
1.8501515707027538 11.016260442181698 10.491426710343688
1.8532984080853148 11.739510625379085 10.550718823217856
1.8564452454678755 11.998553257132832 10.746157455666149
1.8595920828504362 11.998916545985619 10.996364018619154
1.862738920232997 11.99847342475596 10.985965605945394
1.8658857576155576 11.998298234605427 10.959127383637822
1.8690325949981184 11.997946659433627 10.974881322233477
1.872179432380679 11.998789849365448 10.992109999441876
1.8753262697632398 11.99822666430466 10.968646815276912
1.8784731071458003 11.998755648468471 10.994485288301258
1.8816199445283612 11.999259252906574 10.997433217164334
1.8847667819109217 11.998927478792703 10.996448784305818
1.8879136192934827 11.999149454493518 10.999286984863677
1.8910604566760432 11.999582133206278 10.999308062150053
1.894207294058604 11.999472029641124 10.99835437673282
1.897354131441165 11.999678284491328 10.999277731833635
1.9005009688237255 11.999479495601356 10.998340810438826
1.9036478062062865 11.999468204432723 10.998562365652441
1.906794643588847 11.99961176311828 11.179234582327382
1.909941480971408 11.999776273847456 11.047328504490206
1.9130883183539684 11.999500948588038 11.025733241647819
1.9162351557365294 11.999624656491426 11.093075604101857
1.9193819931190899 11.999647676953936 11.825662606917337
1.9225288305016508 11.999595171971139 11.648188916030927
1.9256756678842113 11.99952950079813 11.385663034058483
1.9288225052667722 11.99961260270106 11.567198888706905
1.9319693426493327 11.99914226366432 11.648128849644982
1.9351161800318937 11.999676102541834 11.981981182723661
1.9382630174144544 11.99947650228824 11.990782018700816
1.941409854797015 11.999388613726548 11.974095777095663
1.9445566921795758 11.999353731770084 11.988308401259365
1.9477035295621365 11.999483098506472 11.988636242430495
1.9508503669446973 11.999677903190731 11.974155830665211
1.953997204327258 11.99959747279212 11.98999814268191
1.9571440417098187 11.999794700200923 11.998195622699296
1.9602908790923794 11.999690657394517 11.998123325827546
1.9634377164749401 11.99974958551034 11.999317429113937
1.9665845538575009 11.999771511705275 11.997642130074404
1.9697313912400616 11.999774107449712 11.999472833360823
1.972878228622622 11.999768189160868 11.99883940875459
1.976025066005183 11.999812517267774 11.999043056148437
1.979171903387744 11.99967293385046 11.998922045555918
1.9823187407703045 11.999777365159835 11.998421641962842
1.9854655781528654 11.99981025170972 11.998727118565727
1.988612415535426 11.999580836333566 11.998927148828209
1.9917592529179868 11.99957053260906 11.99872754198655
1.9949060903005473 11.999639332196743 11.998718388457364
1.9980529276831083 11.999526844142203 11.999155662636072
