# t = 1
# W = 100
# L = 200
# xic = 0.9213177319235615
# plate_distance = 9.213177319235614
# E_dis = 0.03769911184307752
# E_img = 2.170803763674803
# omB0 = 0.37699111843077515
# iter_dis = 1
# Ncore = 5
arrE G0 GIMG
0.11309733552923254 2.541468339385947e-82 7.85333150952642e-70
0.11624417291179327 1.0733049607607639e-80 4.869968041742612e-68
0.11939101029435399 4.246674202513823e-79 3.8337861130172e-66
0.12253784767691472 1.4629711635737227e-77 4.0184381380008816e-64
0.12568468505947544 1.245560187049761e-75 6.232063361365436e-62
0.1288315224420362 2.3411939720962997e-73 1.270707306247472e-59
0.13197835982459688 1.9570865167963984e-70 3.934474419169396e-57
0.13512519720715763 6.518679744176238e-66 2.0419219208279455e-54
0.13827203458971837 1.4470010725591038e-46 2.015170097452093e-51
0.1414188719722791 2.3050138744909016e-19 4.516654041864344e-48
0.1445657093548398 0.0004666770188225323 3.013713390910295e-44
0.14771254673740056 0.9262303083657679 9.558699753021128e-40
0.15085938411996128 0.9985835012839279 3.8137057165731102e-34
0.154006221502522 0.9999638990766891 5.083509381544154e-25
0.1571530588850827 0.9998110549062855 2.891721498601232e-17
0.16029989626764346 0.9999759568872815 4.3381555067270595e-11
0.16344673365020418 0.9995831620960058 0.0007548653162350835
0.1665935710327649 0.9998902385639542 0.014100130218948893
0.16974040841532564 0.9995980136453326 0.030876129311871153
0.17288724579788636 0.9994223784174485 0.6788899281264512
0.17603408318044708 0.99871649686894 0.24778262355292371
0.17918092056300783 0.9999844479191052 0.45638434932619526
0.18232775794556855 0.9997839980255964 0.12363768059108705
0.18547459532812927 0.9996981318628558 0.33331467631318795
0.18862143271068998 0.9997038806297843 0.7750804326712235
0.19176827009325073 0.9997479370021675 0.828479270011307
0.19491510747581145 0.9998257361782936 0.8944451495860418
0.1980619448583722 0.9999313371922828 0.9982475824931275
0.20120878224093292 0.9999988212663787 0.9958748580437573
0.20435561962349363 0.9998932871083174 0.9997018009472463
0.20750245700605435 0.9998450647761681 0.9977377945755405
0.21064929438861507 0.9997072611729496 0.9816088793651451
0.21379613177117582 0.9998192900598802 0.9872293503023298
0.21694296915373656 0.9999956708336423 0.999819910931605
0.22008980653629728 1.0209652996889842 0.9958354020943845
0.223236643918858 1.8989234589450519 0.9964131959871444
0.22638348130141872 1.997679626049801 0.9975141556904714
0.22953031868397944 1.998470386738027 0.99987685178119
0.23267715606654019 1.9989956000069717 0.9983288749654148
0.2358239934491009 1.9997484805436005 0.9996073477949514
0.23897083083166165 1.9992866210989815 1.0007725946861878
0.24211766821422237 1.9995950659877944 1.0033624749091563
0.2452645055967831 1.9997596442097014 1.0644048565722222
0.2484113429793438 1.9991058680320115 1.6868720234131127
0.2515581803619045 1.999302321933272 1.3091681663516719
0.2547050177444653 1.9998381194617707 1.3530532356610612
0.25785185512702596 1.9996785630337917 1.1329913056534628
0.26099869250958674 1.9995541270035981 1.3749320240808076
0.26414552989214746 1.9995916104693312 1.7732614531676762
0.2672923672747082 1.9996049911411478 1.8528965144471512
0.2704392046572689 1.999630273109147 1.870419569181571
0.2735860420398296 1.9998879048939464 1.990308290718872
0.2767328794223904 1.9999042964693319 1.9929232151512135
0.2798797168049511 1.9999370897775526 1.9981088337168351
0.2830265541875118 1.999825767422451 1.996650139671375
0.28617339157007254 1.999708253554906 1.9749322501520963
0.28932022895263326 1.9997548240124998 1.9912296737218835
0.292467066335194 1.999947470351165 1.9977778286220578
0.2956139037177547 1.9998784826869787 1.998016722549443
0.2987607411003155 1.99971608323353 1.9974140718626332
0.3019075784828762 1.9998964942797781 1.997959525729033
0.3050544158654369 1.9998277866559357 1.999812730752783
0.30820125324799763 1.9997031969784718 1.9985405978680715
0.31134809063055835 1.9998388494456003 1.9966276408230048
0.31449492801311907 1.9999263287463462 1.9995618125083452
0.3176417653956798 1.999799038493141 1.9986995454294374
0.32078860277824056 1.9999840408222598 1.9987653844547029
0.3239354401608013 1.9998596915994733 1.9989934541874397
0.327082277543362 1.9999407880025206 1.9997199603103002
0.3302291149259227 1.9999067516459186 1.9998243151294215
0.33337595230848344 1.9998903404670234 1.9982214653419839
0.33652278969104416 1.9998930295021486 1.9980112275503437
0.3396696270736049 1.9998451250550133 1.9998815702293207
0.34281646445616565 1.9998906148443034 1.9972359340197683
0.34596330183872637 1.9998351779631391 1.9985555813330975
0.3491101392212871 1.9999566087874274 1.998130667520415
0.3522569766038478 1.9999073364931979 1.9984138918741559
0.3554038139864085 1.999974403005319 1.9993371719796764
0.35855065136896924 1.999904849942965 1.9994923191247156
0.36169748875152996 1.99998468929118 1.9995780778870496
0.36484432613409074 1.9999170210034611 1.9994331505419545
0.36799116351665145 1.9999340811350335 1.9999198584032458
0.3711380008992122 1.999957606697526 1.9999260598577568
0.3742848382817729 1.9998111437024486 1.99963707979408
0.3774316756643336 1.9999108856711652 1.9995939760783503
0.38057851304689433 1.9999131662676255 1.9999293662305229
0.38372535042945516 1.9999562725110878 1.9999419769329514
0.3868721878120158 1.9999435291278658 1.9999198646129765
0.39001902519457654 1.999978216888005 1.999943844555724
0.39316586257713726 1.9999341750465338 1.9998993713198627
0.396312699959698 1.9999867503955462 1.9999395386053305
0.3994595373422587 1.9999573342696286 1.9999615131476391
0.4026063747248194 1.9999322055255273 1.999950965251204
0.40575321210738025 1.9999993123226787 1.9999020819089746
0.4089000494899409 1.9998909114323256 1.9998780297942216
0.4120468868725016 1.999930155775729 1.9998021051986437
0.41519372425506235 1.9999167359169565 1.9999608005073164
0.41834056163762307 1.9999414857850293 1.9999708114521497
0.4214873990201838 1.9999796999641577 1.9999471585868027
0.4246342364027445 1.999956031980309 1.9999629105822576
0.42778107378530533 1.9999764613508948 1.999985070420915
0.430927911167866 1.9999690812714197 1.9999582536176843
0.4340747485504267 1.999971216691375 1.9999843550884482
0.43722158593298743 1.9999838289299163 1.9999654772282611
0.44036842331554815 1.9999496580230391 1.9999781892298856
0.44351526069810887 1.9999725024052193 1.9999614813915048
0.4466620980806696 1.9999781356490665 1.999961167733768
0.4498089354632304 1.9998610165756465 1.9999740388954965
0.45295577284579114 1.9999984930767292 1.9999459240867947
0.4561026102283518 1.999928571423821 1.999985980229919
0.4592494476109125 1.99996059908596 1.9999580585853352
0.46239628499347324 1.9999997365147715 1.999999606360679
0.46554312237603396 1.999967632807795 1.9999677807561234
0.4686899597585948 1.9999687036916114 1.999990979572362
0.4718367971411555 1.999995648979265 1.9999830294177185
0.4749836345237162 1.9999773733357258 1.9999822343704956
0.4781304719062769 1.9999621946817951 1.999984309626263
0.4812773092888376 1.9999784044340776 1.9999789357416933
0.4844241466713983 1.9999647975273545 1.9999855556397694
0.48757098405395904 1.9999276913218906 1.999941037430928
0.4907178214365199 1.9999586482150686 1.9999946671437616
0.4938646588190806 1.9999606263534588 1.9999458275208861
0.4970114962016413 1.999973557171089 1.9999979729760267
0.500158333584202 1.9999732515606607 1.9999797411692801
0.5033051709667627 2.026698936122335 1.9999815808861856
0.5064520083493235 2.7413583255098963 1.999996496950019
0.5095988457318842 2.8161809637490114 1.999982915860476
0.5127456831144449 2.9994721654282763 1.9999904407902145
0.5158925204970056 2.99957369033549 1.9999891107336594
0.5190393578795663 2.99975667244276 1.9999857514400654
0.5221861952621271 2.9994756878452686 1.9999919359180287
0.5253330326446878 2.999852019235488 1.9999714759001763
0.5284798700272486 2.999331341463729 1.9999963514359211
0.5316267074098093 2.9995941503187193 1.9999756351263684
0.53477354479237 2.99843328129044 2.0001134865913914
0.5379203821749308 2.9987980741179117 2.0122318163236246
0.5410672195574915 2.9997503119557742 2.0092009306832073
0.5442140569400522 2.999895347123638 2.4008097337221046
0.5473608943226129 2.9997907681811427 2.3251288973418145
0.5505077317051736 2.9998230710768827 2.4669490796883884
0.5536545690877344 2.999598386260483 2.3190272473996916
0.5568014064702951 2.9996551152791326 2.0887236079609366
0.5599482438528558 2.999738392315461 2.776318640961964
0.5630950812354165 2.99996719115065 2.6510155472067924
0.5662419186179772 2.9997432372434027 2.907322937357025
0.5693887560005381 2.9997210098957074 2.703935573944493
0.5725355933830988 2.9997586112855203 2.9668060196019375
0.5756824307656595 2.9998373375001606 2.9713855068923616
0.5788292681482202 3.0465828308094816 2.9081098374375465
0.5819761055307809 3.4300540381825315 2.997002295074271
0.5851229429133417 3.95737642322943 2.976100698820282
0.5882697802959024 3.999496002185265 2.995978175412324
0.5914166176784631 3.9989917991012747 2.9969660696758984
0.5945634550610238 3.999478497402078 2.9874416983721876
0.5977102924435845 3.9992195873747574 2.993318185269141
0.6008571298261453 3.9997331722846243 2.9994072419929614
0.604003967208706 3.999378442554418 2.999341587945048
0.6071508045912667 3.999509040977324 2.999707337827651
0.6102976419738274 3.998245977205203 3.0022497625958406
0.6134444793563882 3.9989698341903037 3.0081117415416347
0.616591316738949 3.999595821057835 3.015272480366931
0.6197381541215097 3.999915895196974 3.8351251817671472
0.6228849915040704 3.9996353378317395 3.300770917909342
0.6260318288866311 3.9997203537157624 3.472047062383918
0.6291786662691918 3.9994494170530728 3.17036195783329
0.6323255036517526 3.9995894331373143 3.0957034393273557
0.6354723410343134 3.999595719736755 3.6457443961116556
0.638619178416874 3.999952037549872 3.5780407360560944
0.6417660157994347 3.9996735971298127 3.8748785923278044
0.6449128531819954 3.9996930295244177 3.53533911251603
0.6480596905645561 3.999708679889473 3.8020785333417173
0.6512065279471169 3.9998665427163917 3.951351964867386
0.6543533653296777 3.9994009056805453 3.9184742738058453
0.6575002027122384 3.9994950995167535 3.9964512779915107
0.6606470400947991 3.9998296504433277 3.9872745705746273
0.6637938774773599 3.9997027780637615 3.995044271912943
0.6669407148599206 3.9998024998974517 3.996697840992384
0.6700875522424813 3.9998037897517937 3.988939859482219
0.673234389625042 3.9997066916971855 3.9976850473568297
0.6763812270076028 3.99986141794884 3.9971416877043278
0.6795280643901636 3.999736860659307 3.9988413407518864
0.6826749017727243 3.9999363051586276 3.9972827555116686
0.6858217391552849 3.9997985552200324 3.9972460081070613
0.6889685765378456 3.999918091741269 3.998767133247444
0.6921154139204063 3.9997768629163235 3.9973644252513005
0.695262251302967 3.999926743142101 3.9997654493710795
0.6984090886855279 3.999757576085578 3.9963169093276654
0.7015559260680886 3.9998276727328856 3.996517678854157
0.7047027634506493 3.9997573787998473 3.99600268902337
0.70784960083321 3.9998887017923437 3.997776589346614
0.7109964382157707 3.9998327691136946 3.999331679127012
0.7141432755983315 3.9999077570400257 3.99827387130547
0.7172901129808922 3.9998646500917294 3.9996929063003477
0.720436950363453 3.9998582570754206 3.999420964316572
0.7235837877460137 3.99987689567582 3.998998004994331
0.7267306251285744 3.999898215020171 3.999842301311407
0.7298774625111351 3.9998888765549685 3.999621306227696
0.7330242998936958 3.999888103498221 3.9998343415206077
0.7361711372762565 3.9999426358995667 3.9995793828763277
0.7393179746588173 3.999878397650939 3.9998566652338794
0.742464812041378 3.9999143204955034 3.9998812572216793
0.7456116494239388 3.999874956951538 3.9998695372049142
0.7487584868064995 3.999814057025503 3.999902125918976
0.7519053241890602 3.9999030057648275 3.9996455903053536
0.7550521615716208 3.999841873690565 3.9998035210004317
0.7581989989541815 3.9999527902932956 3.99987941102166
0.7613458363367425 3.999919621807208 3.9998405801877506
0.7644926737193032 3.999904057642238 3.9998976284498484
0.7676395111018639 3.9999028855911294 3.999882754554202
0.7707863484844246 3.9998905159399585 3.9999035291676712
0.7739331858669853 3.999903494999952 3.9999335809393277
0.777080023249546 3.9998828732691836 3.9998929769490794
0.7802268606321067 3.9999353835510494 3.9999398913029083
0.7833736980146674 3.9999669244525045 3.9999514374587015
0.7865205353972281 3.999901425904362 3.999904518644891
0.7896673727797888 3.9999040712822445 3.999971589269044
0.7928142101623495 3.999984105474201 3.9998712811952237
0.7959610475449103 3.999857296749628 3.9999592093925664
0.799107884927471 3.999907943322266 3.999915621372455
0.8022547223100319 3.9999581858916673 3.999914064621054
0.8054015596925926 3.9999027494683332 3.9999667092693443
0.8085483970751534 3.999937790340648 3.999934409353923
0.8116952344577141 3.9999470795990852 3.9999633597438864
0.8148420718402748 3.99992237739824 3.9999511582920113
0.8179889092228355 3.9998918891252866 3.999947700423794
0.8211357466053961 3.999864004967906 3.9999572129067866
0.8242825839879568 3.9999341220716014 3.9999332522640985
0.8274294213705176 3.9999431593668016 3.9999610101995695
0.8305762587530783 3.9999532738995587 3.9999657162268374
0.833723096135639 3.9999489972184072 3.9999623098140686
0.8368699335181997 3.999943293539647 3.9999411969131815
0.8400167709007604 3.999935651683676 3.9999922563194805
0.8431636082833212 3.9998501940672284 3.9999288844860734
0.8463104456658821 4.104878415154548 3.9999363878530696
0.8494572830484428 4.8702487301861535 3.999956375672948
0.8526041204310035 4.671723503425021 3.9999463158012083
0.8557509578135643 4.999876612703299 3.999975181222761
0.858897795196125 4.998261118774844 3.999966178634489
0.8620446325786857 4.9992559720684016 3.999972900223689
0.8651914699612464 4.999030970551075 3.99996386357613
0.868338307343807 4.998398357302761 3.999971212382237
0.8714851447263677 4.999372348807006 3.999966769137421
0.8746319821089285 4.998168971163277 3.9999431427796934
0.8777788194914892 4.9988992137851085 3.999977432919282
0.8809256568740499 4.999415276055655 3.9999668337800687
0.8840724942566106 4.9994221798698595 4.000058289936519
0.8872193316391713 4.999513480829592 4.028672922811202
0.890366169021732 4.999497748367395 4.193543073512603
0.8935130064042928 4.999474100284106 4.41604277981077
0.8966598437868535 4.999603486372327 4.583393114593163
0.8998066811694144 4.999824584380417 4.29732952539685
0.9029535185519751 4.999808214701777 4.901215791773285
0.9061003559345359 4.999625272519919 4.69189884357011
0.9092471933170966 4.9997705720693215 4.766242508786118
0.9123940306996573 4.999804147413631 4.941854638318931
0.9155408680822179 4.999677147953274 4.712602158967071
0.9186877054647786 5.001331237440564 4.261679380449829
0.9218345428473393 5.120212766044391 4.606566683454126
0.9249813802299001 5.704306002431185 4.7101559966041835
0.9281282176124608 5.928919952030019 4.8081349926930095
0.9312750549950215 5.999108003550949 4.803607793159399
0.9344218923775822 5.998010516974041 4.91504189037486
0.9375687297601429 5.999526381001607 4.999061291557098
0.9407155671427039 5.999024951575539 4.9907595847063035
0.9438624045252646 5.99833421898895 4.997460881126768
0.9470092419078253 5.999380202399686 4.996969138894667
0.950156079290386 5.997958587621929 4.996151226164173
0.9533029166729468 5.998877963902479 4.99900745257118
0.9564497540555075 5.999433906454398 4.999015080423908
0.9595965914380681 5.9993316508481 5.0128456505476136
0.9627434288206288 5.999586938895174 5.023632758229156
0.9658902662031895 5.9994019811442865 5.314601030385633
0.9690371035857502 5.999433535001521 5.289207515763024
0.972183940968311 5.9995484979661535 5.845116339081556
0.9753307783508717 5.999695333480804 5.335531330014796
0.9784776157334324 5.999580449500204 5.8097655733517195
0.9816244531159931 5.999546945262359 5.646592914382596
0.984771290498554 5.99948469881869 5.713338775292548
0.9879181278811148 5.999788162603412 5.925289183126192
0.9910649652636755 5.999643526112244 5.644057794326587
0.9942118026462362 5.999511251237993 5.337898322077301
0.9973586400287969 5.999774329737374 5.691473564851012
1.0005054774113575 5.999356316913247 5.788876351025531
1.0036523147939183 5.999527538712296 5.722685094160401
1.006799152176479 5.9997604620961305 5.790035698221497
1.0099459895590397 5.999619108412224 5.969234256240179
1.0130928269416004 5.999899945979511 5.997998288258604
1.0162396643241611 5.999660545014775 5.9956424475120516
1.0193865017067218 5.999886119000627 5.990663378149455
1.0225333390892826 5.999762884557048 5.998959276469748
1.0256801764718435 5.99977686765095 5.999122717105607
1.0288270138544042 5.999863153522478 5.999668983352065
1.031973851236965 5.999733139094733 5.99882338593566
1.0351206886195257 5.999643548093585 5.9991708764642295
1.0382675260020864 5.999884711438516 5.998835143614472
1.041414363384647 5.999712820619325 5.996958931521302
1.0445612007672078 5.999828523361833 5.997107280303154
1.0477080381497685 5.999786269994456 5.996802304608862
1.0508548755323293 5.99978945328004 5.99548307534105
1.05400171291489 5.999669312728236 5.998290102726537
1.0571485502974507 5.999832541676935 5.99451221371369
1.0602953876800114 5.99968218241286 5.996966031272723
1.0634422250625721 5.999909240877224 5.997967482321415
1.0665890624451329 5.999843672341117 5.999714154751374
1.0697358998276936 5.99984519682011 5.999188234682016
1.0728827372102543 5.999918001737455 5.999765327223936
1.076029574592815 5.999821822139763 5.999533662966724
1.0791764119753757 5.999873033239639 5.99965064394794
1.0823232493579364 5.999919165575009 5.999696892224331
1.0854700867404972 5.999842529935182 5.999793075053365
1.0886169241230579 5.999760135425445 5.999686218687515
1.0917637615056186 5.999846793906884 5.999889876570623
1.0949105988881793 5.999863965017101 5.999783638562537
1.09805743627074 5.999823349169791 5.999843519289062
1.1012042736533008 5.9998413305432985 5.9998714939051725
1.1043511110358615 5.999909089962164 5.9998955060666574
1.1074979484184222 5.999773815303345 5.999859713732226
1.1106447858009831 5.999808129388726 5.999703352282913
1.1137916231835439 5.999858481453141 5.99982089994539
1.1169384605661046 5.999858436569847 5.999860445700806
1.1200852979486653 5.999905662404601 5.999895241991594
1.123232135331226 5.9998793172537 5.999924476422813
1.1263789727137867 5.999907732697272 5.9998893190931
1.1295258100963474 5.9999428949758995 5.999953828299419
1.1326726474789082 5.9999029094713086 5.999888511628325
1.1358194848614689 5.9998655000777745 5.999948061316072
1.1389663222440296 5.999881810669596 5.99991079541857
1.1421131596265903 5.9999185125555465 5.999930085816871
1.145259997009151 5.99969028659734 5.999874658382667
1.1484068343917118 5.999903016186821 5.999927378573638
1.1515536717742725 5.999878647449084 5.999894775636581
1.1547005091568332 5.999901046525141 5.9999334054151445
1.157847346539394 5.999943872315103 5.99990803412639
1.1609941839219546 5.999857678390113 5.999925887988344
1.1641410213045154 5.999794609246988 5.999871843981388
1.167287858687076 5.9998866156084425 5.999919090858145
1.1704346960696368 6.0052878733380295 5.999902787265961
1.1735815334521975 6.262845131946555 5.9999564175540785
1.1767283708347582 6.18382131660788 5.99992370056835
1.179875208217319 6.4765072852247965 5.999959039527428
1.1830220455998797 6.999259380576271 5.999960885220931
1.1861688829824404 6.99854989085048 5.999933934918986
1.189315720365001 6.998824300257613 5.999962628611861
1.1924625577475618 6.998887561376634 5.999955133844249
1.1956093951301228 6.999622756181722 5.999949519512591
1.1987562325126835 6.998866593291573 5.999938754293821
1.2019030698952442 6.998078256091127 5.99993252991165
1.205049907277805 6.998649103720019 5.999925760497928
1.2081967446603656 6.999488425632641 5.999930240324701
1.2113435820429264 6.99959136872927 5.999939390502631
1.214490419425487 6.9994582072806715 5.99996965997736
1.2176372568080478 6.999661446546501 6.002974429862057
1.2207840941906085 6.999058676789629 6.232369685396441
1.2239309315731692 6.9997344669942905 6.450180029621321
1.22707776895573 6.999723425165054 6.315145800057076
1.2302246063382907 6.9998338565570295 6.926610806679583
1.2333714437208514 6.999517127759906 6.473515920711038
1.236518281103412 6.999845333752126 6.175250346108056
1.2396651184859728 6.999743933403139 6.513455697622079
1.2428119558685335 6.999169113743919 6.647807784194006
1.2459587932510943 7.665498932843502 6.635997544234594
1.249105630633655 7.0594646056007155 6.400505659519907
1.2522524680162157 7.370588650990649 6.865776881566091
1.2553993053987764 7.998581907063786 6.852228558512189
1.2585461427813371 7.99908907652104 6.780202844377467
1.2616929801638979 7.998296444003013 6.769389247436909
1.2648398175464586 7.998755967232352 6.953872838607939
1.2679866549290193 7.9985702101035825 6.8931169068399525
1.27113349231158 7.999409191304319 6.998162729644992
1.2742803296941407 7.998602890493259 6.997442237074112
1.2774271670767015 7.998082382814028 6.9940729739736245
1.2805740044592624 7.998672592387247 6.998541973312145
1.2837208418418231 7.999425220168398 6.9995005805666946
1.2868676792243838 7.999621064918353 6.9995705027868365
1.2900145166069446 7.999459383324001 6.9988662837751825
1.2931613539895053 7.999585338374821 7.000637308479642
1.296308191372066 7.99925421113796 7.188898614043591
1.2994550287546267 7.999715418500555 7.509533688808136
1.3026018661371874 7.999559639507228 7.330313210974747
1.3057487035197481 7.999784017317984 7.8710442824302955
1.3088955409023089 7.999446002572644 7.467468769908884
1.3120423782848696 7.999720023359803 7.2027698761504375
1.3151892156674303 7.999609042898879 7.437628365656894
1.318336053049991 7.999541563262441 7.597858918716752
1.3214828904325517 7.999433025450194 7.542143430804179
1.3246297278151127 7.9996037419641395 7.332789176461554
1.3277765651976732 7.999684182010541 7.778486231156336
1.330923402580234 7.999471360565246 7.880278858867934
1.3340702399627946 7.999548542749555 7.752368574772517
1.3372170773453553 7.999396374266101 7.826621498661375
1.340363914727916 7.999634016206747 7.935100547433627
1.3435107521104768 7.9996275874890905 7.936857318711934
1.3466575894930375 7.999744173682825 7.998312741050953
1.3498044268755982 7.9997405767272785 7.995037886009212
1.352951264258159 7.999780703671783 7.996823832123239
1.3560981016407196 7.99980006326643 7.998315771386852
1.3592449390232804 7.999823184679452 7.997295437350064
1.362391776405841 7.999740095909423 7.999218445199096
1.365538613788402 7.999825690779952 7.999150108056726
1.3686854511709627 7.999833083957612 7.998403593436136
1.3718322885535235 7.999743742912184 7.999232319488324
1.3749791259360842 7.999769601933722 7.998777065958904
1.378125963318645 7.999713920287687 7.997142956099412
1.3812728007012056 7.999664331954462 7.997907899736098
1.3844196380837663 7.999750299176971 7.998486166237775
1.387566475466327 7.999752037165615 7.998745965231548
1.3907133128488878 7.999728746029925 7.99848095400458
1.3938601502314485 7.999728007037009 7.998318066436669
1.3970069876140092 7.999553263675156 7.998259438865576
1.40015382499657 7.999865179372623 7.999120260401829
1.4033006623791306 7.999827716168637 7.999611645205374
1.4064474997616916 7.999710239278126 7.999781649795748
1.4095943371442523 7.999890381007157 7.999777542412209
1.412741174526813 7.99989597333364 7.999787490288668
1.4158880119093737 7.999824336442791 7.999740446673809
1.4190348492919342 7.9998667812785005 7.999835459440039
1.422181686674495 7.999884705931021 7.999841588627631
1.4253285240570557 7.9998423578419215 7.999856699778553
1.4284753614396164 7.999824113542864 7.9998703930886
1.4316221988221771 7.999899602100532 7.999847843832049
1.4347690362047378 7.999848810091455 7.999797516404452
1.4379158735872986 7.999589686443686 7.999792103218537
1.4410627109698593 7.999817666462053 7.999870051984577
1.44420954835242 7.999853460356376 7.9997797653442415
1.4473563857349807 7.999730054109525 7.999837568112868
1.4505032231175417 7.9997727481025045 7.999833237383357
1.4536500605001024 7.999858433572077 7.99976211973074
1.456796897882663 7.999723042687141 7.999849087886937
1.4599437352652238 7.999835615404055 7.999820765487433
1.4630905726477845 7.99986683993326 7.999896898690227
1.4662374100303452 7.9998629966441595 7.999903514704225
1.469384247412906 7.999871290164369 7.999900501916062
1.4725310847954667 7.999874653610232 7.999935200109221
1.4756779221780274 7.999893856828696 7.999881945200469
1.4788247595605881 8.147913248458755 7.999947277483504
1.4819715969431488 8.14186162277194 7.999941748866144
1.4851184343257096 8.73319208091794 7.99990724725551
1.4882652717082703 8.961069460514489 7.99991044168538
1.4914121090908312 8.998229975249505 7.999921032664522
1.494558946473392 8.998488147468693 7.99993870089558
1.4977057838559527 8.997989564121513 7.999860853800258
1.5008526212385134 8.999045567339834 7.999877168893959
1.503999458621074 8.999254943940084 7.999904058993537
1.5071462960036348 8.999224757131234 7.999897735274313
1.5102931333861955 8.998647365651369 7.999894748359899
1.513439970768756 8.999032110200552 7.999876046419066
1.516586808151317 8.999336815699248 7.9998765356561385
1.5197336455338775 8.999210110463483 7.999911114061594
1.5228804829164384 8.999457566592936 7.999930707447515
1.526027320298999 8.99938824793664 7.999922914493719
1.5291741576815598 8.999735988633276 7.999965516781266
1.5323209950641203 8.999708117890261 8.004814677886019
1.5354678324466813 8.999753457950785 8.022162032731616
1.5386146698292422 8.999572686164155 8.313848676879783
1.5417615072118027 8.999655247130367 8.353670793115707
1.5449083445943637 8.999739515398396 8.572183862442115
1.5480551819769242 8.999589340793555 8.823236676461928
1.551202019359485 8.999581964909645 8.39066361873581
1.5543488567420456 9.091673852666027 8.85623210905976
1.5574956941246065 9.673467772444525 8.708589085297254
1.560642531507167 9.259554503539356 8.423115931047402
1.563789368889728 9.958180445468102 8.549999983825648
1.5669362062722885 9.997315726457499 8.872357728143072
1.5700830436548494 9.997946824621401 8.73867648573188
1.57322988103741 9.997463254702108 8.698932214865644
1.5763767184199708 9.998603019704001 8.983857632707618
1.5795235558025316 9.9994276463599 8.774762790212861
1.5826703931850923 9.99911547373766 8.99788271399671
1.585817230567653 9.998532786029582 8.976705680854394
1.5889640679502137 9.999195649526182 8.99548676826571
1.5921109053327744 9.999369291539839 8.999280885339612
1.5952577427153352 9.999187188342074 8.988398760658933
1.5984045800978959 9.99951045332542 8.998638123404339
1.6015514174804566 9.999263030735554 8.99669415793014
1.6046982548630173 9.999559741758988 8.996715708884294
1.6078450922455778 9.999683768023536 9.00629298427118
1.6109919296281388 9.999580264057412 9.041996986839939
1.6141387670106992 9.999436129032889 9.516779043764343
1.6172856043932602 9.999454652991535 9.305521834975963
1.6204324417758211 9.999483947656893 9.447661414624688
1.6235792791583816 9.999389775011831 9.661064234793919
1.6267261165409421 9.999425307077418 9.252148802054743
1.629872953923503 9.999467017005419 9.881712555746077
1.6330197913060636 9.999382953848535 9.634773477226219
1.6361666286886245 9.99907595786038 9.440660399650504
1.639313466071185 9.999504613544572 9.76164655751719
1.642460303453746 9.999595554104816 9.736198066451998
1.6456071408363069 9.999653580962017 9.768646881126008
1.6487539782188674 9.999742590136917 9.766159778930556
1.6519008156014283 9.999665808383085 9.92735453995965
1.6550476529839888 9.999744710792065 9.872681430296826
1.6581944903665498 9.999804774272643 9.997898341378313
1.6613413277491103 9.999715103962373 9.969256097620462
1.6644881651316712 9.999772699078703 9.990819123440062
1.6676350025142317 9.999781063711124 9.998637505230331
1.6707818398967926 9.999704458162087 9.996270649142698
1.6739286772793531 9.999810772509788 9.998637552575968
1.677075514661914 9.99966866982743 9.997961670605097
1.6802223520444746 9.999600435797374 9.998417552677132
1.6833691894270355 9.999672870599401 9.99602250380403
1.6865160268095962 9.999516402289666 9.99727824543699
1.689662864192157 9.999688309133003 9.995986667829321
1.6928097015747177 9.99968690767026 9.998316676457243
1.6959565389572782 9.999539274719538 9.99484226303081
1.699103376339839 9.99963511137409 9.99686176297857
1.7022502137223996 9.999742779031997 9.9985511302184
1.7053970511049605 9.9996787138256 9.999283470096701
1.708543888487521 9.999853551352416 9.999460375299222
1.711690725870082 9.999819561593432 9.999569972272727
1.7148375632526425 9.999762542181005 9.999800600188367
1.7179844006352034 9.999847537742665 9.99970267760178
1.721131238017764 9.999820193056008 9.999798821333643
1.7242780754003249 9.999839592939226 9.999798123570923
1.7274249127828858 9.999875113862009 9.999859023032787
1.7305717501654463 9.99980375342497 9.999811034516373
1.7337185875480072 9.999729727676128 9.999785029545048
1.7368654249305677 9.999790806757272 9.99982088761045
1.7400122623131287 9.99989076040437 9.999756153301412
1.7431590996956892 9.999474102486436 9.999799344237527
1.74630593707825 9.999625751434106 9.999776724870904
1.7494527744608106 9.999813010406612 9.999727521643157
1.7525996118433715 9.999732383721758 9.999802676532363
1.755746449225932 9.99968676711549 9.999768503707784
1.758893286608493 9.99968723870395 9.999588207416032
1.7620401239910535 9.999683216570835 9.999829124964787
1.7651869613736144 9.99979809292031 9.999834658941378
1.7683337987561751 9.999841565383903 9.999863458135096
1.7714806361387359 9.99720654647249 9.99988444885315
1.7746274735212966 10.386799087361904 9.999883938137838
1.7777743109038573 10.768669059814593 9.999901932204727
1.780921148286418 10.953443574247599 9.999917690173763
1.7840679856689787 10.998287660031158 9.99991265006719
1.7872148230515394 10.998591463280185 9.999864019337386
1.7903616604341 10.998506160727397 9.999947071240928
1.7935084978166609 10.998413474809611 9.999913932407571
1.7966553351992214 10.999129380421573 9.999879850331164
1.7998021725817823 10.998606396149231 9.999882783408836
1.8029490099643428 10.998974339195332 9.999899828856488
1.8060958473469038 10.999101897533125 9.999812453109477
1.8092426847294647 10.998941674477365 9.99985443275699
1.8123895221120252 10.999390612015981 9.99988598732726
1.8155363594945861 10.999697223123938 9.999839054179576
1.8186831968771466 10.999108216626732 9.999846415018789
1.8218300342597076 10.999555869837641 9.999838688615137
1.824976871642268 10.999386362404097 9.99989877548401
1.828123709024829 10.999554509893839 10.005384093705088
1.8312705464073895 10.999613347942946 10.446775310887853
1.8344173837899505 10.999793257175686 10.446880648001311
1.837564221172511 10.999536011132038 10.360759066226677
1.8407110585550719 10.999719439697182 10.334115683910925
1.8438578959376324 10.99969520769932 10.275193900576802
1.8470047333201933 11.000572421329812 10.853122624745616
1.8501515707027538 11.37995723283842 10.759142731763427
1.8532984080853148 11.142306885805754 10.303839824178803
1.8564452454678755 11.993119362558241 10.754479745373027
1.8595920828504362 11.998576535993443 10.84117594102524
1.862738920232997 11.998182832575123 10.290701490095417
1.8658857576155576 11.998327353326914 10.935448216228965
1.8690325949981184 11.997817895200587 10.98701041521808
1.872179432380679 11.998703375932902 10.91632009478899
1.8753262697632398 11.99834940624913 10.905866866772122
1.8784731071458003 11.9987637369703 10.808392298660603
1.8816199445283612 11.999226906165884 10.939846267975518
1.8847667819109217 11.998876393089972 10.976771099109715
1.8879136192934827 11.9992407169668 10.998706139592015
1.8910604566760432 11.999572026587488 10.996539444286539
1.894207294058604 11.999438267004123 10.99886685949434
1.897354131441165 11.999644387021299 10.994971827844736
1.9005009688237255 11.999399652236468 10.999424617284582
1.9036478062062865 11.999446740540142 11.001690515164404
1.906794643588847 11.999565768675074 11.495232731632361
1.909941480971408 11.999802288507434 11.504312364135833
1.9130883183539684 11.999412872246682 11.38325626703403
1.9162351557365294 11.999624702277938 11.302926255973833
1.9193819931190899 11.999608776474185 11.269863057361711
1.9225288305016508 11.999557827890845 11.715595093999703
1.9256756678842113 11.99950983387715 11.644678070128466
1.9288225052667722 11.999567658964212 11.276046811416533
1.9319693426493327 11.999103343702057 11.827600627882598
1.9351161800318937 11.99962219783996 11.92734336597124
1.9382630174144544 11.99945457159902 11.333413038172672
1.941409854797015 11.99934243878107 11.857549602849303
1.9445566921795758 11.999297604968863 11.992259562423062
1.9477035295621365 11.999430476590032 11.886491804515625
1.9508503669446973 11.99966659674773 11.917787798928316
1.953997204327258 11.99956263896512 11.837439093155545
1.9571440417098187 11.999782628652671 11.867233268482261
1.9602908790923794 11.999678147215526 11.984426776791626
1.9634377164749401 11.999724889606519 11.993080980674375
1.9665845538575009 11.999753614541664 11.996531133232802
1.9697313912400616 11.999778436557401 11.994488082549392
1.972878228622622 11.999741102379645 11.998936275343404
1.976025066005183 11.999803889115855 11.997626174114103
1.979171903387744 11.999676662223987 11.99817794995406
1.9823187407703045 11.999734413128325 11.998311898006293
1.9854655781528654 11.999812981781773 11.997434907836258
1.988612415535426 11.99959955561728 11.998354447532495
1.9917592529179868 11.99950196250422 11.997591655000715
1.9949060903005473 11.999661767492395 11.998400455219393
1.9980529276831083 11.999528740735537 11.998272466413024
