# Data file for U(x)
# mu = 20.800541081185134
# omB = 10.56
# Columns:
# 1) x
# 2) U(x)
# 
-9.99900000e+02 1.08548690e+04
-9.99099760e+02 1.07167073e+04
-9.98299520e+02 1.06023725e+04
-9.97499280e+02 1.04944742e+04
-9.96699040e+02 1.03917435e+04
-9.95898800e+02 1.02935007e+04
-9.95098559e+02 1.01991079e+04
-9.94298319e+02 1.01079954e+04
-9.93498079e+02 1.00196847e+04
-9.92697839e+02 9.93378601e+03
-9.91897599e+02 9.84998443e+03
-9.91097359e+02 9.76802514e+03
-9.90297119e+02 9.68770011e+03
-9.89496879e+02 9.60883760e+03
-9.88696639e+02 9.53129414e+03
-9.87896399e+02 9.45494842e+03
-9.87096158e+02 9.37969673e+03
-9.86295918e+02 9.30544949e+03
-9.85495678e+02 9.23212860e+03
-9.84695438e+02 9.15966538e+03
-9.83895198e+02 9.08799898e+03
-9.83094958e+02 9.01707512e+03
-9.82294718e+02 8.94684505e+03
-9.81494478e+02 8.87726474e+03
-9.80694238e+02 8.80829425e+03
-9.79893998e+02 8.73989709e+03
-9.79093758e+02 8.67203985e+03
-9.78293517e+02 8.60469176e+03
-9.77493277e+02 8.53782441e+03
-9.76693037e+02 8.47141141e+03
-9.75892797e+02 8.40542822e+03
-9.75092557e+02 8.33985191e+03
-9.74292317e+02 8.27466099e+03
-9.73492077e+02 8.20983526e+03
-9.72691837e+02 8.14535570e+03
-9.71891597e+02 8.08120429e+03
-9.71091357e+02 8.01736398e+03
-9.70291116e+02 7.95381855e+03
-9.69490876e+02 7.89055255e+03
-9.68690636e+02 7.82755121e+03
-9.67890396e+02 7.76480039e+03
-9.67090156e+02 7.70228652e+03
-9.66289916e+02 7.63999653e+03
-9.65489676e+02 7.57791784e+03
-9.64689436e+02 7.51603827e+03
-9.63889196e+02 7.45434601e+03
-9.63088956e+02 7.39282962e+03
-9.62288715e+02 7.33147794e+03
-9.61488475e+02 7.27028011e+03
-9.60688235e+02 7.20922551e+03
-9.59887995e+02 7.14830372e+03
-9.59087755e+02 7.08750454e+03
-9.58287515e+02 7.02681792e+03
-9.57487275e+02 6.96623395e+03
-9.56687035e+02 6.90574288e+03
-9.55886795e+02 6.84533501e+03
-9.55086555e+02 6.78500074e+03
-9.54286315e+02 6.72473056e+03
-9.53486074e+02 6.66451495e+03
-9.52685834e+02 6.60434445e+03
-9.51885594e+02 6.54420957e+03
-9.51085354e+02 6.48410085e+03
-9.50285114e+02 6.42400874e+03
-9.49484874e+02 6.36392368e+03
-9.48684634e+02 6.30383600e+03
-9.47884394e+02 6.24373598e+03
-9.47084154e+02 6.18361374e+03
-9.46283914e+02 6.12345931e+03
-9.45483673e+02 6.06326254e+03
-9.44683433e+02 6.00301311e+03
-9.43883193e+02 5.94270049e+03
-9.43082953e+02 5.88231396e+03
-9.42282713e+02 5.82184251e+03
-9.41482473e+02 5.76127489e+03
-9.40682233e+02 5.70059953e+03
-9.39881993e+02 5.63980452e+03
-9.39081753e+02 5.57887761e+03
-9.38281513e+02 5.51780612e+03
-9.37481273e+02 5.45657695e+03
-9.36681032e+02 5.39517652e+03
-9.35880792e+02 5.33359073e+03
-9.35080552e+02 5.27180490e+03
-9.34280312e+02 5.20980374e+03
-9.33480072e+02 5.14757129e+03
-9.32679832e+02 5.08509083e+03
-9.31879592e+02 5.02234484e+03
-9.31079352e+02 4.95931491e+03
-9.30279112e+02 4.89598168e+03
-9.29478872e+02 4.83232471e+03
-9.28678631e+02 4.76832239e+03
-9.27878391e+02 4.70395184e+03
-9.27078151e+02 4.63918876e+03
-9.26277911e+02 4.57400728e+03
-9.25477671e+02 4.50837981e+03
-9.24677431e+02 4.44227682e+03
-9.23877191e+02 4.37566667e+03
-9.23076951e+02 4.30851530e+03
-9.22276711e+02 4.24078600e+03
-9.21476471e+02 4.17243903e+03
-9.20676230e+02 4.10343126e+03
-9.19875990e+02 4.03371573e+03
-9.19075750e+02 3.96324106e+03
-9.18275510e+02 3.89195089e+03
-9.17475270e+02 3.81978305e+03
-9.16675030e+02 3.74666873e+03
-9.15874790e+02 3.67253134e+03
-9.15074550e+02 3.59728523e+03
-9.14274310e+02 3.52083412e+03
-9.13474070e+02 3.44306923e+03
-9.12673830e+02 3.36386713e+03
-9.11873589e+02 3.28308746e+03
-9.11073349e+02 3.20057071e+03
-9.10273109e+02 3.11613707e+03
-9.09472869e+02 3.02958799e+03
-9.08672629e+02 2.94071431e+03
-9.07872389e+02 2.84931823e+03
-9.07072149e+02 2.75526311e+03
-9.06271909e+02 2.65857542e+03
-9.05471669e+02 2.55963850e+03
-9.04671429e+02 2.45953255e+03
-9.03871188e+02 2.36056795e+03
-9.03070948e+02 2.26696236e+03
-9.02270708e+02 2.18526885e+03
-9.01470468e+02 2.12337065e+03
-9.00670228e+02 2.08604060e+03
-8.99869988e+02 2.06726285e+03
-8.99069748e+02 2.04806805e+03
-8.98269508e+02 2.00909646e+03
-8.97469268e+02 1.94449253e+03
-8.96669028e+02 1.86079335e+03
-8.95868788e+02 1.76824516e+03
-8.95068547e+02 1.67517371e+03
-8.94268307e+02 1.58661044e+03
-8.93468067e+02 1.50489875e+03
-8.92667827e+02 1.43068567e+03
-8.91867587e+02 1.36371424e+03
-8.91067347e+02 1.30332733e+03
-8.90267107e+02 1.24874771e+03
-8.89466867e+02 1.19921637e+03
-8.88666627e+02 1.15405061e+03
-8.87866387e+02 1.11266077e+03
-8.87066146e+02 1.07454755e+03
-8.86265906e+02 1.03929175e+03
-8.85465666e+02 1.00654198e+03
-8.84665426e+02 9.76003015e+02
-8.83865186e+02 9.47425654e+02
-8.83064946e+02 9.20598327e+02
-8.82264706e+02 8.95340276e+02
-8.81464466e+02 8.71496079e+02
-8.80664226e+02 8.48931269e+02
-8.79863986e+02 8.27528822e+02
-8.79063745e+02 8.07186334e+02
-8.78263505e+02 7.87813731e+02
-8.77463265e+02 7.69331414e+02
-8.76663025e+02 7.51668726e+02
-8.75862785e+02 7.34762695e+02
-8.75062545e+02 7.18556986e+02
-8.74262305e+02 7.03001021e+02
-8.73462065e+02 6.88049245e+02
-8.72661825e+02 6.73660499e+02
-8.71861585e+02 6.59797490e+02
-8.71061345e+02 6.46426333e+02
-8.70261104e+02 6.33516164e+02
-8.69460864e+02 6.21038802e+02
-8.68660624e+02 6.08968456e+02
-8.67860384e+02 5.97281470e+02
-8.67060144e+02 5.85956105e+02
-8.66259904e+02 5.74972341e+02
-8.65459664e+02 5.64311707e+02
-8.64659424e+02 5.53957132e+02
-8.63859184e+02 5.43892812e+02
-8.63058944e+02 5.34104090e+02
-8.62258703e+02 5.24577353e+02
-8.61458463e+02 5.15299940e+02
-8.60658223e+02 5.06260055e+02
-8.59857983e+02 4.97446694e+02
-8.59057743e+02 4.88849582e+02
-8.58257503e+02 4.80459106e+02
-8.57457263e+02 4.72266265e+02
-8.56657023e+02 4.64262622e+02
-8.55856783e+02 4.56440256e+02
-8.55056543e+02 4.48791726e+02
-8.54256303e+02 4.41310032e+02
-8.53456062e+02 4.33988582e+02
-8.52655822e+02 4.26821165e+02
-8.51855582e+02 4.19801918e+02
-8.51055342e+02 4.12925308e+02
-8.50255102e+02 4.06186102e+02
-8.49454862e+02 3.99579353e+02
-8.48654622e+02 3.93100375e+02
-8.47854382e+02 3.86744727e+02
-8.47054142e+02 3.80508199e+02
-8.46253902e+02 3.74386795e+02
-8.45453661e+02 3.68376721e+02
-8.44653421e+02 3.62474368e+02
-8.43853181e+02 3.56676305e+02
-8.43052941e+02 3.50979268e+02
-8.42252701e+02 3.45380146e+02
-8.41452461e+02 3.39875975e+02
-8.40652221e+02 3.34463928e+02
-8.39851981e+02 3.29141308e+02
-8.39051741e+02 3.23905541e+02
-8.38251501e+02 3.18754166e+02
-8.37451261e+02 3.13684832e+02
-8.36651020e+02 3.08695290e+02
-8.35850780e+02 3.03783388e+02
-8.35050540e+02 2.98947066e+02
-8.34250300e+02 2.94184351e+02
-8.33450060e+02 2.89493351e+02
-8.32649820e+02 2.84872253e+02
-8.31849580e+02 2.80319320e+02
-8.31049340e+02 2.75832881e+02
-8.30249100e+02 2.71411334e+02
-8.29448860e+02 2.67053140e+02
-8.28648619e+02 2.62756822e+02
-8.27848379e+02 2.58520956e+02
-8.27048139e+02 2.54344178e+02
-8.26247899e+02 2.50225171e+02
-8.25447659e+02 2.46162671e+02
-8.24647419e+02 2.42155460e+02
-8.23847179e+02 2.38202364e+02
-8.23046939e+02 2.34302255e+02
-8.22246699e+02 2.30454042e+02
-8.21446459e+02 2.26656676e+02
-8.20646218e+02 2.22909147e+02
-8.19845978e+02 2.19210476e+02
-8.19045738e+02 2.15559724e+02
-8.18245498e+02 2.11955980e+02
-8.17445258e+02 2.08398369e+02
-8.16645018e+02 2.04886042e+02
-8.15844778e+02 2.01418182e+02
-8.15044538e+02 1.97994000e+02
-8.14244298e+02 1.94612731e+02
-8.13444058e+02 1.91273638e+02
-8.12643818e+02 1.87976007e+02
-8.11843577e+02 1.84719151e+02
-8.11043337e+02 1.81502401e+02
-8.10243097e+02 1.78325113e+02
-8.09442857e+02 1.75186664e+02
-8.08642617e+02 1.72086451e+02
-8.07842377e+02 1.69023890e+02
-8.07042137e+02 1.65998416e+02
-8.06241897e+02 1.63009483e+02
-8.05441657e+02 1.60056563e+02
-8.04641417e+02 1.57139143e+02
-8.03841176e+02 1.54256727e+02
-8.03040936e+02 1.51408837e+02
-8.02240696e+02 1.48595008e+02
-8.01440456e+02 1.45814790e+02
-8.00640216e+02 1.43067750e+02
-7.99839976e+02 1.40353464e+02
-7.99039736e+02 1.37671527e+02
-7.98239496e+02 1.35021542e+02
-7.97439256e+02 1.32403129e+02
-7.96639016e+02 1.29815918e+02
-7.95838776e+02 1.27259551e+02
-7.95038535e+02 1.24733682e+02
-7.94238295e+02 1.22237977e+02
-7.93438055e+02 1.19772112e+02
-7.92637815e+02 1.17335773e+02
-7.91837575e+02 1.14928659e+02
-7.91037335e+02 1.12550476e+02
-7.90237095e+02 1.10200943e+02
-7.89436855e+02 1.07879788e+02
-7.88636615e+02 1.05586746e+02
-7.87836375e+02 1.03321563e+02
-7.87036134e+02 1.01083996e+02
-7.86235894e+02 9.88738083e+01
-7.85435654e+02 9.66907724e+01
-7.84635414e+02 9.45346701e+01
-7.83835174e+02 9.24052914e+01
-7.83034934e+02 9.03024343e+01
-7.82234694e+02 8.82259055e+01
-7.81434454e+02 8.61755195e+01
-7.80634214e+02 8.41510987e+01
-7.79833974e+02 8.21524738e+01
-7.79033733e+02 8.01794829e+01
-7.78233493e+02 7.82319722e+01
-7.77433253e+02 7.63097954e+01
-7.76633013e+02 7.44128139e+01
-7.75832773e+02 7.25408971e+01
-7.75032533e+02 7.06939215e+01
-7.74232293e+02 6.88717717e+01
-7.73432053e+02 6.70743399e+01
-7.72631813e+02 6.53015258e+01
-7.71831573e+02 6.35532370e+01
-7.71031333e+02 6.18293890e+01
-7.70231092e+02 6.01299051e+01
-7.69430852e+02 5.84547167e+01
-7.68630612e+02 5.68037633e+01
-7.67830372e+02 5.51769927e+01
-7.67030132e+02 5.35743612e+01
-7.66229892e+02 5.19958339e+01
-7.65429652e+02 5.04413845e+01
-7.64629412e+02 4.89109963e+01
-7.63829172e+02 4.74046620e+01
-7.63028932e+02 4.59223839e+01
-7.62228691e+02 4.44641751e+01
-7.61428451e+02 4.30300589e+01
-7.60628211e+02 4.16200703e+01
-7.59827971e+02 4.02342560e+01
-7.59027731e+02 3.88726753e+01
-7.58227491e+02 3.75354009e+01
-7.57427251e+02 3.62225199e+01
-7.56627011e+02 3.49341344e+01
-7.55826771e+02 3.36703635e+01
-7.55026531e+02 3.24313440e+01
-7.54226291e+02 3.12172326e+01
-7.53426050e+02 3.00282076e+01
-7.52625810e+02 2.88644711e+01
-7.51825570e+02 2.77262525e+01
-7.51025330e+02 2.66138109e+01
-7.50225090e+02 2.55274399e+01
-7.49424850e+02 2.44674716e+01
-7.48624610e+02 2.34342817e+01
-7.47824370e+02 2.24282939e+01
-7.47024130e+02 2.14499804e+01
-7.46223890e+02 2.04998531e+01
-7.45423649e+02 1.95784259e+01
-7.44623409e+02 1.86861094e+01
-7.43823169e+02 1.78229474e+01
-7.43022929e+02 1.69880521e+01
-7.42222689e+02 1.61787604e+01
-7.41422449e+02 1.53909340e+01
-7.40622209e+02 1.46231276e+01
-7.39821969e+02 1.38785081e+01
-7.39021729e+02 1.31595738e+01
-7.38221489e+02 1.24652744e+01
-7.37421248e+02 1.17926582e+01
-7.36621008e+02 1.11410461e+01
-7.35820768e+02 1.05130497e+01
-7.35020528e+02 9.91156117e+00
-7.34220288e+02 9.33809717e+00
-7.33420048e+02 8.79264930e+00
-7.32619808e+02 8.27437468e+00
-7.31819568e+02 7.78232228e+00
-7.31019328e+02 7.31581348e+00
-7.30219088e+02 6.87441130e+00
-7.29418848e+02 6.45720678e+00
-7.28618607e+02 6.06247808e+00
-7.27818367e+02 5.68816398e+00
-7.27018127e+02 5.33242659e+00
-7.26217887e+02 4.99402345e+00
-7.25417647e+02 4.67229197e+00
-7.24617407e+02 4.36712545e+00
-7.23817167e+02 4.07893004e+00
-7.23016927e+02 3.80820872e+00
-7.22216687e+02 3.55517920e+00
-7.21416447e+02 3.31971726e+00
-7.20616206e+02 3.10140111e+00
-7.19815966e+02 2.89965019e+00
-7.19015726e+02 2.71391600e+00
-7.18215486e+02 2.54352887e+00
-7.17415246e+02 2.38761954e+00
-7.16615006e+02 2.24538045e+00
-7.15814766e+02 2.11604467e+00
-7.15014526e+02 1.99883931e+00
-7.14214286e+02 1.89319163e+00
-7.13414046e+02 1.79859142e+00
-7.12613806e+02 1.71446522e+00
-7.11813565e+02 1.64033379e+00
-7.11013325e+02 1.57573315e+00
-7.10213085e+02 1.52019420e+00
-7.09412845e+02 1.47333207e+00
-7.08612605e+02 1.43473278e+00
-7.07812365e+02 1.40395254e+00
-7.07012125e+02 1.38058635e+00
-7.06211885e+02 1.36421889e+00
-7.05411645e+02 1.35442537e+00
-7.04611405e+02 1.35081472e+00
-7.03811164e+02 1.35299871e+00
-7.03010924e+02 1.36057736e+00
-7.02210684e+02 1.37315465e+00
-7.01410444e+02 1.39034647e+00
-7.00610204e+02 1.41178409e+00
-6.99809964e+02 1.43711542e+00
-6.99009724e+02 1.46600854e+00
-6.98209484e+02 1.49814431e+00
-6.97409244e+02 1.53320695e+00
-6.96609004e+02 1.57088787e+00
-6.95808764e+02 1.61089306e+00
-6.95008523e+02 1.65294610e+00
-6.94208283e+02 1.69679102e+00
-6.93408043e+02 1.74219010e+00
-6.92607803e+02 1.78891389e+00
-6.91807563e+02 1.83673950e+00
-6.91007323e+02 1.88545751e+00
-6.90207083e+02 1.93487613e+00
-6.89406843e+02 1.98482163e+00
-6.88606603e+02 2.03513669e+00
-6.87806363e+02 2.08567674e+00
-6.87006122e+02 2.13630814e+00
-6.86205882e+02 2.18690847e+00
-6.85405642e+02 2.23736688e+00
-6.84605402e+02 2.28758474e+00
-6.83805162e+02 2.33747543e+00
-6.83004922e+02 2.38696321e+00
-6.82204682e+02 2.43598117e+00
-6.81404442e+02 2.48446996e+00
-6.80604202e+02 2.53237758e+00
-6.79803962e+02 2.57966039e+00
-6.79003721e+02 2.62628048e+00
-6.78203481e+02 2.67220247e+00
-6.77403241e+02 2.71738775e+00
-6.76603001e+02 2.76179087e+00
-6.75802761e+02 2.80536048e+00
-6.75002521e+02 2.84802829e+00
-6.74202281e+02 2.88970326e+00
-6.73402041e+02 2.93027584e+00
-6.72601801e+02 2.96963615e+00
-6.71801561e+02 3.00770773e+00
-6.71001321e+02 3.04448310e+00
-6.70201080e+02 3.08004287e+00
-6.69400840e+02 3.11452288e+00
-6.68600600e+02 3.14803585e+00
-6.67800360e+02 3.18060533e+00
-6.67000120e+02 3.21215742e+00
-6.66199880e+02 3.24256460e+00
-6.65399640e+02 3.27171172e+00
-6.64599400e+02 3.29955630e+00
-6.63799160e+02 3.32615220e+00
-6.62998920e+02 3.35162213e+00
-6.62198679e+02 3.37609690e+00
-6.61398439e+02 3.39966337e+00
-6.60598199e+02 3.42234922e+00
-6.59797959e+02 3.44413575e+00
-6.58997719e+02 3.46498194e+00
-6.58197479e+02 3.48484809e+00
-6.57397239e+02 3.50370841e+00
-6.56596999e+02 3.52154983e+00
-6.55796759e+02 3.53836660e+00
-6.54996519e+02 3.55415736e+00
-6.54196279e+02 3.56892274e+00
-6.53396038e+02 3.58265846e+00
-6.52595798e+02 3.59534834e+00
-6.51795558e+02 3.60696328e+00
-6.50995318e+02 3.61746769e+00
-6.50195078e+02 3.62683063e+00
-6.49394838e+02 3.63504234e+00
-6.48594598e+02 3.64213388e+00
-6.47794358e+02 3.64818981e+00
-6.46994118e+02 3.65334272e+00
-6.46193878e+02 3.65774845e+00
-6.45393637e+02 3.66155282e+00
-6.44593397e+02 3.66486393e+00
-6.43793157e+02 3.66773818e+00
-6.42992917e+02 3.67018181e+00
-6.42192677e+02 3.67216255e+00
-6.41392437e+02 3.67362255e+00
-6.40592197e+02 3.67448857e+00
-6.39791957e+02 3.67468142e+00
-6.38991717e+02 3.67412571e+00
-6.38191477e+02 3.67275975e+00
-6.37391236e+02 3.67054454e+00
-6.36590996e+02 3.66747083e+00
-6.35790756e+02 3.66356349e+00
-6.34990516e+02 3.65888075e+00
-6.34190276e+02 3.65350538e+00
-6.33390036e+02 3.64752958e+00
-6.32589796e+02 3.64103869e+00
-6.31789556e+02 3.63409987e+00
-6.30989316e+02 3.62675683e+00
-6.30189076e+02 3.61903009e+00
-6.29388836e+02 3.61092026e+00
-6.28588595e+02 3.60241350e+00
-6.27788355e+02 3.59348795e+00
-6.26988115e+02 3.58411975e+00
-6.26187875e+02 3.57428771e+00
-6.25387635e+02 3.56397597e+00
-6.24587395e+02 3.55317518e+00
-6.23787155e+02 3.54188243e+00
-6.22986915e+02 3.53010095e+00
-6.22186675e+02 3.51783964e+00
-6.21386435e+02 3.50511274e+00
-6.20586194e+02 3.49193822e+00
-6.19785954e+02 3.47833604e+00
-6.18985714e+02 3.46432693e+00
-6.18185474e+02 3.44993233e+00
-6.17385234e+02 3.43517399e+00
-6.16584994e+02 3.42007330e+00
-6.15784754e+02 3.40465044e+00
-6.14984514e+02 3.38892426e+00
-6.14184274e+02 3.37291321e+00
-6.13384034e+02 3.35663600e+00
-6.12583794e+02 3.34011197e+00
-6.11783553e+02 3.32336054e+00
-6.10983313e+02 3.30639983e+00
-6.10183073e+02 3.28924731e+00
-6.09382833e+02 3.27192127e+00
-6.08582593e+02 3.25443963e+00
-6.07782353e+02 3.23681847e+00
-6.06982113e+02 3.21907369e+00
-6.06181873e+02 3.20122205e+00
-6.05381633e+02 3.18327865e+00
-6.04581393e+02 3.16525529e+00
-6.03781152e+02 3.14716322e+00
-6.02980912e+02 3.12901636e+00
-6.02180672e+02 3.11083017e+00
-6.01380432e+02 3.09261839e+00
-6.00580192e+02 3.07439157e+00
-5.99779952e+02 3.05615908e+00
-5.98979712e+02 3.03793282e+00
-5.98179472e+02 3.01972803e+00
-5.97379232e+02 3.00155951e+00
-5.96578992e+02 2.98343725e+00
-5.95778752e+02 2.96536769e+00
-5.94978511e+02 2.94735876e+00
-5.94178271e+02 2.92942274e+00
-5.93378031e+02 2.91157255e+00
-5.92577791e+02 2.89381634e+00
-5.91777551e+02 2.87615642e+00
-5.90977311e+02 2.85859436e+00
-5.90177071e+02 2.84113678e+00
-5.89376831e+02 2.82379682e+00
-5.88576591e+02 2.80658923e+00
-5.87776351e+02 2.78952470e+00
-5.86976110e+02 2.77260851e+00
-5.86175870e+02 2.75584364e+00
-5.85375630e+02 2.73923392e+00
-5.84575390e+02 2.72278411e+00
-5.83775150e+02 2.70649789e+00
-5.82974910e+02 2.69037656e+00
-5.82174670e+02 2.67441986e+00
-5.81374430e+02 2.65862846e+00
-5.80574190e+02 2.64300562e+00
-5.79773950e+02 2.62755699e+00
-5.78973709e+02 2.61228825e+00
-5.78173469e+02 2.59720306e+00
-5.77373229e+02 2.58230294e+00
-5.76572989e+02 2.56758896e+00
-5.75772749e+02 2.55306291e+00
-5.74972509e+02 2.53872630e+00
-5.74172269e+02 2.52457857e+00
-5.73372029e+02 2.51061640e+00
-5.72571789e+02 2.49683531e+00
-5.71771549e+02 2.48323159e+00
-5.70971309e+02 2.46980254e+00
-5.70171068e+02 2.45654563e+00
-5.69370828e+02 2.44345762e+00
-5.68570588e+02 2.43053494e+00
-5.67770348e+02 2.41777455e+00
-5.66970108e+02 2.40517507e+00
-5.66169868e+02 2.39273685e+00
-5.65369628e+02 2.38046125e+00
-5.64569388e+02 2.36834880e+00
-5.63769148e+02 2.35639783e+00
-5.62968908e+02 2.34460448e+00
-5.62168667e+02 2.33296378e+00
-5.61368427e+02 2.32147069e+00
-5.60568187e+02 2.31012003e+00
-5.59767947e+02 2.29890622e+00
-5.58967707e+02 2.28782338e+00
-5.58167467e+02 2.27686611e+00
-5.57367227e+02 2.26603031e+00
-5.56566987e+02 2.25531347e+00
-5.55766747e+02 2.24471458e+00
-5.54966507e+02 2.23423358e+00
-5.54166267e+02 2.22387055e+00
-5.53366026e+02 2.21362514e+00
-5.52565786e+02 2.20349613e+00
-5.51765546e+02 2.19348170e+00
-5.50965306e+02 2.18357948e+00
-5.50165066e+02 2.17378675e+00
-5.49364826e+02 2.16410060e+00
-5.48564586e+02 2.15451836e+00
-5.47764346e+02 2.14503769e+00
-5.46964106e+02 2.13565648e+00
-5.46163866e+02 2.12637247e+00
-5.45363625e+02 2.11718289e+00
-5.44563385e+02 2.10808475e+00
-5.43763145e+02 2.09907556e+00
-5.42962905e+02 2.09015432e+00
-5.42162665e+02 2.08132171e+00
-5.41362425e+02 2.07257990e+00
-5.40562185e+02 2.06393171e+00
-5.39761945e+02 2.05537966e+00
-5.38961705e+02 2.04692529e+00
-5.38161465e+02 2.03856899e+00
-5.37361224e+02 2.03031022e+00
-5.36560984e+02 2.02214781e+00
-5.35760744e+02 2.01408011e+00
-5.34960504e+02 2.00610508e+00
-5.34160264e+02 1.99822034e+00
-5.33360024e+02 1.99042352e+00
-5.32559784e+02 1.98271280e+00
-5.31759544e+02 1.97508732e+00
-5.30959304e+02 1.96754724e+00
-5.30159064e+02 1.96009356e+00
-5.29358824e+02 1.95272762e+00
-5.28558583e+02 1.94545062e+00
-5.27758343e+02 1.93826353e+00
-5.26958103e+02 1.93116705e+00
-5.26157863e+02 1.92416145e+00
-5.25357623e+02 1.91724679e+00
-5.24557383e+02 1.91042263e+00
-5.23757143e+02 1.90368771e+00
-5.22956903e+02 1.89703992e+00
-5.22156663e+02 1.89047599e+00
-5.21356423e+02 1.88399215e+00
-5.20556182e+02 1.87758418e+00
-5.19755942e+02 1.87124798e+00
-5.18955702e+02 1.86497961e+00
-5.18155462e+02 1.85877558e+00
-5.17355222e+02 1.85263300e+00
-5.16554982e+02 1.84654997e+00
-5.15754742e+02 1.84052587e+00
-5.14954502e+02 1.83456122e+00
-5.14154262e+02 1.82865741e+00
-5.13354022e+02 1.82281610e+00
-5.12553782e+02 1.81703861e+00
-5.11753541e+02 1.81132534e+00
-5.10953301e+02 1.80567556e+00
-5.10153061e+02 1.80008711e+00
-5.09352821e+02 1.79455650e+00
-5.08552581e+02 1.78907900e+00
-5.07752341e+02 1.78364892e+00
-5.06952101e+02 1.77826035e+00
-5.06151861e+02 1.77290750e+00
-5.05351621e+02 1.76758526e+00
-5.04551381e+02 1.76228959e+00
-5.03751140e+02 1.75701772e+00
-5.02950900e+02 1.75176837e+00
-5.02150660e+02 1.74654161e+00
-5.01350420e+02 1.74133870e+00
-5.00550180e+02 1.73616169e+00
-4.99749940e+02 1.73101289e+00
-4.98949700e+02 1.72589471e+00
-4.98149460e+02 1.72080923e+00
-4.97349220e+02 1.71575816e+00
-4.96548980e+02 1.71074258e+00
-4.95748739e+02 1.70576263e+00
-4.94948499e+02 1.70081742e+00
-4.94148259e+02 1.69590499e+00
-4.93348019e+02 1.69102263e+00
-4.92547779e+02 1.68616724e+00
-4.91747539e+02 1.68133588e+00
-4.90947299e+02 1.67652626e+00
-4.90147059e+02 1.67173688e+00
-4.89346819e+02 1.66696714e+00
-4.88546579e+02 1.66221729e+00
-4.87746339e+02 1.65748821e+00
-4.86946098e+02 1.65278125e+00
-4.86145858e+02 1.64809821e+00
-4.85345618e+02 1.64344083e+00
-4.84545378e+02 1.63881096e+00
-4.83745138e+02 1.63421031e+00
-4.82944898e+02 1.62964033e+00
-4.82144658e+02 1.62510225e+00
-4.81344418e+02 1.62059678e+00
-4.80544178e+02 1.61612415e+00
-4.79743938e+02 1.61168392e+00
-4.78943697e+02 1.60727505e+00
-4.78143457e+02 1.60289613e+00
-4.77343217e+02 1.59854550e+00
-4.76542977e+02 1.59422152e+00
-4.75742737e+02 1.58992257e+00
-4.74942497e+02 1.58564681e+00
-4.74142257e+02 1.58139214e+00
-4.73342017e+02 1.57715608e+00
-4.72541777e+02 1.57293616e+00
-4.71741537e+02 1.56873034e+00
-4.70941297e+02 1.56453733e+00
-4.70141056e+02 1.56035694e+00
-4.69340816e+02 1.55618994e+00
-4.68540576e+02 1.55203789e+00
-4.67740336e+02 1.54790288e+00
-4.66940096e+02 1.54378721e+00
-4.66139856e+02 1.53969319e+00
-4.65339616e+02 1.53562273e+00
-4.64539376e+02 1.53157734e+00
-4.63739136e+02 1.52755785e+00
-4.62938896e+02 1.52356451e+00
-4.62138655e+02 1.51959707e+00
-4.61338415e+02 1.51565485e+00
-4.60538175e+02 1.51173668e+00
-4.59737935e+02 1.50784098e+00
-4.58937695e+02 1.50396551e+00
-4.58137455e+02 1.50010765e+00
-4.57337215e+02 1.49626449e+00
-4.56536975e+02 1.49243339e+00
-4.55736735e+02 1.48861236e+00
-4.54936495e+02 1.48480029e+00
-4.54136255e+02 1.48099706e+00
-4.53336014e+02 1.47720324e+00
-4.52535774e+02 1.47341982e+00
-4.51735534e+02 1.46964796e+00
-4.50935294e+02 1.46588859e+00
-4.50135054e+02 1.46214251e+00
-4.49334814e+02 1.45841036e+00
-4.48534574e+02 1.45469281e+00
-4.47734334e+02 1.45099060e+00
-4.46934094e+02 1.44730448e+00
-4.46133854e+02 1.44363533e+00
-4.45333613e+02 1.43998383e+00
-4.44533373e+02 1.43635043e+00
-4.43733133e+02 1.43273515e+00
-4.42932893e+02 1.42913730e+00
-4.42132653e+02 1.42555554e+00
-4.41332413e+02 1.42198772e+00
-4.40532173e+02 1.41843098e+00
-4.39731933e+02 1.41488198e+00
-4.38931693e+02 1.41133708e+00
-4.38131453e+02 1.40779272e+00
-4.37331212e+02 1.40424568e+00
-4.36530972e+02 1.40069337e+00
-4.35730732e+02 1.39713438e+00
-4.34930492e+02 1.39356865e+00
-4.34130252e+02 1.38999812e+00
-4.33330012e+02 1.38642666e+00
-4.32529772e+02 1.38286003e+00
-4.31729532e+02 1.37930495e+00
-4.30929292e+02 1.37576766e+00
-4.30129052e+02 1.37225250e+00
-4.29328812e+02 1.36876050e+00
-4.28528571e+02 1.36528874e+00
-4.27728331e+02 1.36183092e+00
-4.26928091e+02 1.35837850e+00
-4.26127851e+02 1.35492223e+00
-4.25327611e+02 1.35145369e+00
-4.24527371e+02 1.34796606e+00
-4.23727131e+02 1.34445466e+00
-4.22926891e+02 1.34091682e+00
-4.22126651e+02 1.33735171e+00
-4.21326411e+02 1.33376016e+00
-4.20526170e+02 1.33014438e+00
-4.19725930e+02 1.32650816e+00
-4.18925690e+02 1.32285678e+00
-4.18125450e+02 1.31919699e+00
-4.17325210e+02 1.31553664e+00
-4.16524970e+02 1.31188410e+00
-4.15724730e+02 1.30824714e+00
-4.14924490e+02 1.30463186e+00
-4.14124250e+02 1.30104162e+00
-4.13324010e+02 1.29747637e+00
-4.12523770e+02 1.29393303e+00
-4.11723529e+02 1.29040628e+00
-4.10923289e+02 1.28688963e+00
-4.10123049e+02 1.28337704e+00
-4.09322809e+02 1.27986356e+00
-4.08522569e+02 1.27634613e+00
-4.07722329e+02 1.27282353e+00
-4.06922089e+02 1.26929627e+00
-4.06121849e+02 1.26576618e+00
-4.05321609e+02 1.26223597e+00
-4.04521369e+02 1.25870890e+00
-4.03721128e+02 1.25518837e+00
-4.02920888e+02 1.25167783e+00
-4.02120648e+02 1.24818047e+00
-4.01320408e+02 1.24469923e+00
-4.00520168e+02 1.24123660e+00
-3.99719928e+02 1.23779467e+00
-3.98919688e+02 1.23437496e+00
-3.98119448e+02 1.23097856e+00
-3.97319208e+02 1.22760611e+00
-3.96518968e+02 1.22425782e+00
-3.95718727e+02 1.22093350e+00
-3.94918487e+02 1.21763259e+00
-3.94118247e+02 1.21435429e+00
-3.93318007e+02 1.21109734e+00
-3.92517767e+02 1.20786022e+00
-3.91717527e+02 1.20464117e+00
-3.90917287e+02 1.20143818e+00
-3.90117047e+02 1.19824909e+00
-3.89316807e+02 1.19507183e+00
-3.88516567e+02 1.19190442e+00
-3.87716327e+02 1.18874539e+00
-3.86916086e+02 1.18559383e+00
-3.86115846e+02 1.18244967e+00
-3.85315606e+02 1.17931385e+00
-3.84515366e+02 1.17618845e+00
-3.83715126e+02 1.17307643e+00
-3.82914886e+02 1.16998147e+00
-3.82114646e+02 1.16690739e+00
-3.81314406e+02 1.16385757e+00
-3.80514166e+02 1.16083412e+00
-3.79713926e+02 1.15783742e+00
-3.78913685e+02 1.15486579e+00
-3.78113445e+02 1.15191558e+00
-3.77313205e+02 1.14898153e+00
-3.76512965e+02 1.14605746e+00
-3.75712725e+02 1.14313697e+00
-3.74912485e+02 1.14021393e+00
-3.74112245e+02 1.13728306e+00
-3.73312005e+02 1.13433998e+00
-3.72511765e+02 1.13138127e+00
-3.71711525e+02 1.12840441e+00
-3.70911285e+02 1.12540770e+00
-3.70111044e+02 1.12239006e+00
-3.69310804e+02 1.11935106e+00
-3.68510564e+02 1.11629095e+00
-3.67710324e+02 1.11321062e+00
-3.66910084e+02 1.11011177e+00
-3.66109844e+02 1.10699677e+00
-3.65309604e+02 1.10386884e+00
-3.64509364e+02 1.10073162e+00
-3.63709124e+02 1.09758909e+00
-3.62908884e+02 1.09444493e+00
-3.62108643e+02 1.09130214e+00
-3.61308403e+02 1.08816258e+00
-3.60508163e+02 1.08502647e+00
-3.59707923e+02 1.08189247e+00
-3.58907683e+02 1.07875774e+00
-3.58107443e+02 1.07561839e+00
-3.57307203e+02 1.07246996e+00
-3.56506963e+02 1.06930818e+00
-3.55706723e+02 1.06612940e+00
-3.54906483e+02 1.06293098e+00
-3.54106242e+02 1.05971154e+00
-3.53306002e+02 1.05647093e+00
-3.52505762e+02 1.05321011e+00
-3.51705522e+02 1.04993100e+00
-3.50905282e+02 1.04663614e+00
-3.50105042e+02 1.04332851e+00
-3.49304802e+02 1.04001134e+00
-3.48504562e+02 1.03668789e+00
-3.47704322e+02 1.03336134e+00
-3.46904082e+02 1.03003472e+00
-3.46103842e+02 1.02671078e+00
-3.45303601e+02 1.02339214e+00
-3.44503361e+02 1.02008107e+00
-3.43703121e+02 1.01677968e+00
-3.42902881e+02 1.01348996e+00
-3.42102641e+02 1.01021366e+00
-3.41302401e+02 1.00695245e+00
-3.40502161e+02 1.00370785e+00
-3.39701921e+02 1.00048137e+00
-3.38901681e+02 9.97274331e-01
-3.38101441e+02 9.94088059e-01
-3.37301200e+02 9.90923676e-01
-3.36500960e+02 9.87782197e-01
-3.35700720e+02 9.84664428e-01
-3.34900480e+02 9.81570939e-01
-3.34100240e+02 9.78501916e-01
-3.33300000e+02 9.75457245e-01
-3.32499760e+02 9.72436363e-01
-3.31699520e+02 9.69438187e-01
-3.30899280e+02 9.66461172e-01
-3.30099040e+02 9.63503209e-01
-3.29298800e+02 9.60561719e-01
-3.28498559e+02 9.57633618e-01
-3.27698319e+02 9.54715580e-01
-3.26898079e+02 9.51804100e-01
-3.26097839e+02 9.48895763e-01
-3.25297599e+02 9.45987467e-01
-3.24497359e+02 9.43076838e-01
-3.23697119e+02 9.40162277e-01
-3.22896879e+02 9.37243433e-01
-3.22096639e+02 9.34321117e-01
-3.21296399e+02 9.31397430e-01
-3.20496158e+02 9.28475481e-01
-3.19695918e+02 9.25559102e-01
-3.18895678e+02 9.22652412e-01
-3.18095438e+02 9.19759258e-01
-3.17295198e+02 9.16882675e-01
-3.16494958e+02 9.14024630e-01
-3.15694718e+02 9.11185638e-01
-3.14894478e+02 9.08364870e-01
-3.14094238e+02 9.05560282e-01
-3.13293998e+02 9.02768978e-01
-3.12493758e+02 8.99987672e-01
-3.11693517e+02 8.97213077e-01
-3.10893277e+02 8.94442384e-01
-3.10093037e+02 8.91673508e-01
-3.09292797e+02 8.88905191e-01
-3.08492557e+02 8.86137145e-01
-3.07692317e+02 8.83369851e-01
-3.06892077e+02 8.80604355e-01
-3.06091837e+02 8.77842073e-01
-3.05291597e+02 8.75084502e-01
-3.04491357e+02 8.72332860e-01
-3.03691116e+02 8.69587991e-01
-3.02890876e+02 8.66850048e-01
-3.02090636e+02 8.64118458e-01
-3.01290396e+02 8.61391798e-01
-3.00490156e+02 8.58667960e-01
-2.99689916e+02 8.55944222e-01
-2.98889676e+02 8.53217533e-01
-2.98089436e+02 8.50484855e-01
-2.97289196e+02 8.47743422e-01
-2.96488956e+02 8.44991306e-01
-2.95688715e+02 8.42227400e-01
-2.94888475e+02 8.39451983e-01
-2.94088235e+02 8.36666508e-01
-2.93287995e+02 8.33873551e-01
-2.92487755e+02 8.31076536e-01
-2.91687515e+02 8.28279252e-01
-2.90887275e+02 8.25485360e-01
-2.90087035e+02 8.22697873e-01
-2.89286795e+02 8.19918723e-01
-2.88486555e+02 8.17148510e-01
-2.87686315e+02 8.14386333e-01
-2.86886074e+02 8.11629986e-01
-2.86085834e+02 8.08876107e-01
-2.85285594e+02 8.06120665e-01
-2.84485354e+02 8.03359234e-01
-2.83685114e+02 8.00587479e-01
-2.82884874e+02 7.97801369e-01
-2.82084634e+02 7.94997627e-01
-2.81284394e+02 7.92173749e-01
-2.80484154e+02 7.89328098e-01
-2.79683914e+02 7.86459911e-01
-2.78883673e+02 7.83569263e-01
-2.78083433e+02 7.80656867e-01
-2.77283193e+02 7.77724075e-01
-2.76482953e+02 7.74772602e-01
-2.75682713e+02 7.71804519e-01
-2.74882473e+02 7.68821993e-01
-2.74082233e+02 7.65827312e-01
-2.73281993e+02 7.62822709e-01
-2.72481753e+02 7.59810353e-01
-2.71681513e+02 7.56792274e-01
-2.70881273e+02 7.53770321e-01
-2.70081032e+02 7.50746133e-01
-2.69280792e+02 7.47721149e-01
-2.68480552e+02 7.44696672e-01
-2.67680312e+02 7.41673679e-01
-2.66880072e+02 7.38653093e-01
-2.66079832e+02 7.35635508e-01
-2.65279592e+02 7.32621480e-01
-2.64479352e+02 7.29611372e-01
-2.63679112e+02 7.26605430e-01
-2.62878872e+02 7.23603746e-01
-2.62078631e+02 7.20606385e-01
-2.61278391e+02 7.17613260e-01
-2.60478151e+02 7.14624295e-01
-2.59677911e+02 7.11639302e-01
-2.58877671e+02 7.08658112e-01
-2.58077431e+02 7.05680472e-01
-2.57277191e+02 7.02706157e-01
-2.56476951e+02 6.99734953e-01
-2.55676711e+02 6.96766638e-01
-2.54876471e+02 6.93801018e-01
-2.54076230e+02 6.90837931e-01
-2.53275990e+02 6.87877250e-01
-2.52475750e+02 6.84918873e-01
-2.51675510e+02 6.81962778e-01
-2.50875270e+02 6.79008990e-01
-2.50075030e+02 6.76057605e-01
-2.49274790e+02 6.73108762e-01
-2.48474550e+02 6.70162651e-01
-2.47674310e+02 6.67219582e-01
-2.46874070e+02 6.64279896e-01
-2.46073830e+02 6.61343997e-01
-2.45273589e+02 6.58412335e-01
-2.44473349e+02 6.55485423e-01
-2.43673109e+02 6.52563801e-01
-2.42872869e+02 6.49648074e-01
-2.42072629e+02 6.46738826e-01
-2.41272389e+02 6.43836638e-01
-2.40472149e+02 6.40942068e-01
-2.39671909e+02 6.38055713e-01
-2.38871669e+02 6.35178026e-01
-2.38071429e+02 6.32309485e-01
-2.37271188e+02 6.29450419e-01
-2.36470948e+02 6.26601119e-01
-2.35670708e+02 6.23761801e-01
-2.34870468e+02 6.20932575e-01
-2.34070228e+02 6.18113490e-01
-2.33269988e+02 6.15304509e-01
-2.32469748e+02 6.12505559e-01
-2.31669508e+02 6.09716550e-01
-2.30869268e+02 6.06937368e-01
-2.30069028e+02 6.04167890e-01
-2.29268788e+02 6.01408053e-01
-2.28468547e+02 5.98657801e-01
-2.27668307e+02 5.95917088e-01
-2.26868067e+02 5.93185951e-01
-2.26067827e+02 5.90464366e-01
-2.25267587e+02 5.87752398e-01
-2.24467347e+02 5.85050022e-01
-2.23667107e+02 5.82357205e-01
-2.22866867e+02 5.79673826e-01
-2.22066627e+02 5.76999680e-01
-2.21266387e+02 5.74334534e-01
-2.20466146e+02 5.71677951e-01
-2.19665906e+02 5.69029469e-01
-2.18865666e+02 5.66388536e-01
-2.18065426e+02 5.63754491e-01
-2.17265186e+02 5.61126621e-01
-2.16464946e+02 5.58504159e-01
-2.15664706e+02 5.55886345e-01
-2.14864466e+02 5.53272369e-01
-2.14064226e+02 5.50661466e-01
-2.13263986e+02 5.48052919e-01
-2.12463745e+02 5.45445982e-01
-2.11663505e+02 5.42840062e-01
-2.10863265e+02 5.40234518e-01
-2.10063025e+02 5.37628889e-01
-2.09262785e+02 5.35022694e-01
-2.08462545e+02 5.32415592e-01
-2.07662305e+02 5.29807273e-01
-2.06862065e+02 5.27197512e-01
-2.06061825e+02 5.24586166e-01
-2.05261585e+02 5.21973083e-01
-2.04461345e+02 5.19358268e-01
-2.03661104e+02 5.16741705e-01
-2.02860864e+02 5.14123432e-01
-2.02060624e+02 5.11503550e-01
-2.01260384e+02 5.08882161e-01
-2.00460144e+02 5.06259396e-01
-1.99659904e+02 5.03635417e-01
-1.98859664e+02 5.01010403e-01
-1.98059424e+02 4.98384520e-01
-1.97259184e+02 4.95757925e-01
-1.96458944e+02 4.93130821e-01
-1.95658703e+02 4.90503348e-01
-1.94858463e+02 4.87875684e-01
-1.94058223e+02 4.85247962e-01
-1.93257983e+02 4.82620313e-01
-1.92457743e+02 4.79992865e-01
-1.91657503e+02 4.77365725e-01
-1.90857263e+02 4.74739017e-01
-1.90057023e+02 4.72112782e-01
-1.89256783e+02 4.69487136e-01
-1.88456543e+02 4.66862148e-01
-1.87656303e+02 4.64237861e-01
-1.86856062e+02 4.61614338e-01
-1.86055822e+02 4.58991655e-01
-1.85255582e+02 4.56369865e-01
-1.84455342e+02 4.53748976e-01
-1.83655102e+02 4.51129044e-01
-1.82854862e+02 4.48510088e-01
-1.82054622e+02 4.45892112e-01
-1.81254382e+02 4.43275111e-01
-1.80454142e+02 4.40659062e-01
-1.79653902e+02 4.38043927e-01
-1.78853661e+02 4.35429668e-01
-1.78053421e+02 4.32816175e-01
-1.77253181e+02 4.30203379e-01
-1.76452941e+02 4.27591170e-01
-1.75652701e+02 4.24979381e-01
-1.74852461e+02 4.22367921e-01
-1.74052221e+02 4.19756617e-01
-1.73251981e+02 4.17145303e-01
-1.72451741e+02 4.14533826e-01
-1.71651501e+02 4.11922023e-01
-1.70851261e+02 4.09309714e-01
-1.70051020e+02 4.06696754e-01
-1.69250780e+02 4.04083001e-01
-1.68450540e+02 4.01468333e-01
-1.67650300e+02 3.98852572e-01
-1.66850060e+02 3.96235665e-01
-1.66049820e+02 3.93617464e-01
-1.65249580e+02 3.90997933e-01
-1.64449340e+02 3.88376988e-01
-1.63649100e+02 3.85754559e-01
-1.62848860e+02 3.83130630e-01
-1.62048619e+02 3.80505196e-01
-1.61248379e+02 3.77878212e-01
-1.60448139e+02 3.75249745e-01
-1.59647899e+02 3.72619774e-01
-1.58847659e+02 3.69988348e-01
-1.58047419e+02 3.67355507e-01
-1.57247179e+02 3.64721327e-01
-1.56446939e+02 3.62085861e-01
-1.55646699e+02 3.59449168e-01
-1.54846459e+02 3.56811360e-01
-1.54046218e+02 3.54172490e-01
-1.53245978e+02 3.51532655e-01
-1.52445738e+02 3.48891964e-01
-1.51645498e+02 3.46250519e-01
-1.50845258e+02 3.43608405e-01
-1.50045018e+02 3.40965734e-01
-1.49244778e+02 3.38322619e-01
-1.48444538e+02 3.35679159e-01
-1.47644298e+02 3.33035468e-01
-1.46844058e+02 3.30391662e-01
-1.46043818e+02 3.27747827e-01
-1.45243577e+02 3.25104086e-01
-1.44443337e+02 3.22460568e-01
-1.43643097e+02 3.19817375e-01
-1.42842857e+02 3.17174607e-01
-1.42042617e+02 3.14532377e-01
-1.41242377e+02 3.11890814e-01
-1.40442137e+02 3.09250027e-01
-1.39641897e+02 3.06610093e-01
-1.38841657e+02 3.03971155e-01
-1.38041417e+02 3.01333307e-01
-1.37241176e+02 2.98696651e-01
-1.36440936e+02 2.96061331e-01
-1.35640696e+02 2.93427410e-01
-1.34840456e+02 2.90795033e-01
-1.34040216e+02 2.88164296e-01
-1.33239976e+02 2.85535313e-01
-1.32439736e+02 2.82908171e-01
-1.31639496e+02 2.80283027e-01
-1.30839256e+02 2.77659958e-01
-1.30039016e+02 2.75039090e-01
-1.29238776e+02 2.72420540e-01
-1.28438535e+02 2.69804406e-01
-1.27638295e+02 2.67190792e-01
-1.26838055e+02 2.64579836e-01
-1.26037815e+02 2.61971651e-01
-1.25237575e+02 2.59366376e-01
-1.24437335e+02 2.56764072e-01
-1.23637095e+02 2.54164906e-01
-1.22836855e+02 2.51568978e-01
-1.22036615e+02 2.48976437e-01
-1.21236375e+02 2.46387380e-01
-1.20436134e+02 2.43801938e-01
-1.19635894e+02 2.41220259e-01
-1.18835654e+02 2.38642444e-01
-1.18035414e+02 2.36068647e-01
-1.17235174e+02 2.33498980e-01
-1.16434934e+02 2.30933611e-01
-1.15634694e+02 2.28372653e-01
-1.14834454e+02 2.25816251e-01
-1.14034214e+02 2.23264545e-01
-1.13233974e+02 2.20717678e-01
-1.12433733e+02 2.18175793e-01
-1.11633493e+02 2.15639044e-01
-1.10833253e+02 2.13107586e-01
-1.10033013e+02 2.10581558e-01
-1.09232773e+02 2.08061128e-01
-1.08432533e+02 2.05546468e-01
-1.07632293e+02 2.03037677e-01
-1.06832053e+02 2.00534973e-01
-1.06031813e+02 1.98038501e-01
-1.05231573e+02 1.95548410e-01
-1.04431333e+02 1.93064910e-01
-1.03631092e+02 1.90588132e-01
-1.02830852e+02 1.88118285e-01
-1.02030612e+02 1.85655513e-01
-1.01230372e+02 1.83199983e-01
-1.00430132e+02 1.80751916e-01
-9.96298920e+01 1.78311472e-01
-9.88296519e+01 1.75878831e-01
-9.80294118e+01 1.73454174e-01
-9.72291717e+01 1.71037700e-01
-9.64289316e+01 1.68629599e-01
-9.56286915e+01 1.66230063e-01
-9.48284514e+01 1.63839295e-01
-9.40282113e+01 1.61457467e-01
-9.32279712e+01 1.59084788e-01
-9.24277311e+01 1.56721471e-01
-9.16274910e+01 1.54367690e-01
-9.08272509e+01 1.52023672e-01
-9.00270108e+01 1.49689615e-01
-8.92267707e+01 1.47365703e-01
-8.84265306e+01 1.45052197e-01
-8.76262905e+01 1.42749267e-01
-8.68260504e+01 1.40457113e-01
-8.60258103e+01 1.38175978e-01
-8.52255702e+01 1.35906079e-01
-8.44253301e+01 1.33647587e-01
-8.36250900e+01 1.31400759e-01
-8.28248499e+01 1.29165799e-01
-8.20246098e+01 1.26942921e-01
-8.12243697e+01 1.24732344e-01
-8.04241297e+01 1.22534293e-01
-7.96238896e+01 1.20348960e-01
-7.88236495e+01 1.18176605e-01
-7.80234094e+01 1.16017431e-01
-7.72231693e+01 1.13871678e-01
-7.64229292e+01 1.11739513e-01
-7.56226891e+01 1.09621214e-01
-7.48224490e+01 1.07516994e-01
-7.40222089e+01 1.05427061e-01
-7.32219688e+01 1.03351631e-01
-7.24217287e+01 1.01290960e-01
-7.16214886e+01 9.92452299e-02
-7.08212485e+01 9.72146831e-02
-7.00210084e+01 9.51995242e-02
-6.92207683e+01 9.32000083e-02
-6.84205282e+01 9.12163288e-02
-6.76202881e+01 8.92487000e-02
-6.68200480e+01 8.72973665e-02
-6.60198079e+01 8.53625209e-02
-6.52195678e+01 8.34444038e-02
-6.44193277e+01 8.15432120e-02
-6.36190876e+01 7.96591803e-02
-6.28188475e+01 7.77924899e-02
-6.20186074e+01 7.59434012e-02
-6.12183673e+01 7.41120909e-02
-6.04181273e+01 7.22987832e-02
-5.96178872e+01 7.05036991e-02
-5.88176471e+01 6.87270007e-02
-5.80174070e+01 6.69689602e-02
-5.72171669e+01 6.52297378e-02
-5.64169268e+01 6.35095341e-02
-5.56166867e+01 6.18085720e-02
-5.48164466e+01 6.01270400e-02
-5.40162065e+01 5.84651433e-02
-5.32159664e+01 5.68230882e-02
-5.24157263e+01 5.52010496e-02
-5.16154862e+01 5.35992161e-02
-5.08152461e+01 5.20177880e-02
-5.00150060e+01 5.04569504e-02
-4.92147659e+01 4.89169056e-02
-4.84145258e+01 4.73978175e-02
-4.76142857e+01 4.58998690e-02
-4.68140456e+01 4.44232394e-02
-4.60138055e+01 4.29681190e-02
-4.52135654e+01 4.15346718e-02
-4.44133253e+01 4.01230726e-02
-4.36130852e+01 3.87334790e-02
-4.28128451e+01 3.73660780e-02
-4.20126050e+01 3.60210054e-02
-4.12123649e+01 3.46984681e-02
-4.04121248e+01 3.33986160e-02
-3.96118848e+01 3.21215615e-02
-3.88116447e+01 3.08674821e-02
-3.80114046e+01 2.96365481e-02
-3.72111645e+01 2.84288939e-02
-3.64109244e+01 2.72446744e-02
-3.56106843e+01 2.60840207e-02
-3.48104442e+01 2.49470764e-02
-3.40102041e+01 2.38339817e-02
-3.32099640e+01 2.27448741e-02
-3.24097239e+01 2.16798734e-02
-3.16094838e+01 2.06391257e-02
-3.08092437e+01 1.96227355e-02
-3.00090036e+01 1.86308537e-02
-2.92087635e+01 1.76635937e-02
-2.84085234e+01 1.67210364e-02
-2.76082833e+01 1.58033542e-02
-2.68080432e+01 1.49106064e-02
-2.60078031e+01 1.40429551e-02
-2.52075630e+01 1.32004726e-02
-2.44073229e+01 1.23832531e-02
-2.36070828e+01 1.15914006e-02
-2.28068427e+01 1.08250201e-02
-2.20066026e+01 1.00842139e-02
-2.12063625e+01 9.36905969e-03
-2.04061224e+01 8.67966117e-03
-1.96058824e+01 8.01606882e-03
-1.88056423e+01 7.37837799e-03
-1.80054022e+01 6.76667816e-03
-1.72051621e+01 6.18103316e-03
-1.64049220e+01 5.62153986e-03
-1.56046819e+01 5.08822950e-03
-1.48044418e+01 4.58117867e-03
-1.40042017e+01 4.10045236e-03
-1.32039616e+01 3.64611213e-03
-1.24037215e+01 3.21820464e-03
-1.16034814e+01 2.81677999e-03
-1.08032413e+01 2.44191112e-03
-1.00030012e+01 2.09361821e-03
-9.20276110e+00 1.77195575e-03
-8.40252101e+00 1.47696127e-03
-7.60228091e+00 1.20868288e-03
-6.80204082e+00 9.67129418e-04
-6.00180072e+00 7.52335431e-04
-5.20156062e+00 5.64341539e-04
-4.40132053e+00 4.03147922e-04
-3.60108043e+00 2.68800782e-04
-2.80084034e+00 1.61292966e-04
-2.00060024e+00 8.06561831e-05
-1.20036014e+00 2.69004230e-05
-4.00120048e-01 0.00000000e+00
4.00120048e-01 2.07845621e-08
1.20036014e+00 2.69021474e-05
2.00060024e+00 8.06491547e-05
2.80084034e+00 1.61290989e-04
3.60108043e+00 2.68800301e-04
4.40132053e+00 4.03145481e-04
5.20156062e+00 5.64329692e-04
6.00180072e+00 7.52326903e-04
6.80204082e+00 9.67117740e-04
7.60228091e+00 1.20866903e-03
8.40252101e+00 1.47697708e-03
9.20276110e+00 1.77195321e-03
1.00030012e+01 2.09362756e-03
1.08032413e+01 2.44190974e-03
1.16034814e+01 2.81679126e-03
1.24037215e+01 3.21819536e-03
1.32039616e+01 3.64610949e-03
1.40042017e+01 4.10044333e-03
1.48044418e+01 4.58116481e-03
1.56046819e+01 5.08822338e-03
1.64049220e+01 5.62152380e-03
1.72051621e+01 6.18103733e-03
1.80054022e+01 6.76669451e-03
1.88056423e+01 7.37838543e-03
1.96058824e+01 8.01607221e-03
2.04061224e+01 8.67965730e-03
2.12063625e+01 9.36907644e-03
2.20066026e+01 1.00842231e-02
2.28068427e+01 1.08250452e-02
2.36070828e+01 1.15914054e-02
2.44073229e+01 1.23832475e-02
2.52075630e+01 1.32004540e-02
2.60078031e+01 1.40429484e-02
2.68080432e+01 1.49106234e-02
2.76082833e+01 1.58033443e-02
2.84085234e+01 1.67210284e-02
2.92087635e+01 1.76635776e-02
3.00090036e+01 1.86308613e-02
3.08092437e+01 1.96227424e-02
3.16094838e+01 2.06391217e-02
3.24097239e+01 2.16798617e-02
3.32099640e+01 2.27448528e-02
3.40102041e+01 2.38339778e-02
3.48104442e+01 2.49470574e-02
3.56106843e+01 2.60840136e-02
3.64109244e+01 2.72446771e-02
3.72111645e+01 2.84289101e-02
3.80114046e+01 2.96365644e-02
3.88116447e+01 3.08674970e-02
3.96118848e+01 3.21215723e-02
4.04121248e+01 3.33986093e-02
4.12123649e+01 3.46984787e-02
4.20126050e+01 3.60210279e-02
4.28128451e+01 3.73660861e-02
4.36130852e+01 3.87334746e-02
4.44133253e+01 4.01230704e-02
4.52135654e+01 4.15346738e-02
4.60138055e+01 4.29681230e-02
4.68140456e+01 4.44232406e-02
4.76142857e+01 4.58998653e-02
4.84145258e+01 4.73978025e-02
4.92147659e+01 4.89168878e-02
5.00150060e+01 5.04569516e-02
5.08152461e+01 5.20177889e-02
5.16154862e+01 5.35992185e-02
5.24157263e+01 5.52010437e-02
5.32159664e+01 5.68230863e-02
5.40162065e+01 5.84651443e-02
5.48164466e+01 6.01270401e-02
5.56166867e+01 6.18085821e-02
5.64169268e+01 6.35095281e-02
5.72171669e+01 6.52297276e-02
5.80174070e+01 6.69689465e-02
5.88176471e+01 6.87270188e-02
5.96178872e+01 7.05036876e-02
6.04181273e+01 7.22987862e-02
6.12183673e+01 7.41120945e-02
6.20186074e+01 7.59434150e-02
6.28188475e+01 7.77925031e-02
6.36190876e+01 7.96591707e-02
6.44193277e+01 8.15432073e-02
6.52195678e+01 8.34444032e-02
6.60198079e+01 8.53625333e-02
6.68200480e+01 8.72973551e-02
6.76202881e+01 8.92486945e-02
6.84205282e+01 9.12163110e-02
6.92207683e+01 9.32000167e-02
7.00210084e+01 9.51995333e-02
7.08212485e+01 9.72146777e-02
7.16214886e+01 9.92452238e-02
7.24217287e+01 1.01290954e-01
7.32219688e+01 1.03351629e-01
7.40222089e+01 1.05427056e-01
7.48224490e+01 1.07517000e-01
7.56226891e+01 1.09621223e-01
7.64229292e+01 1.11739518e-01
7.72231693e+01 1.13871672e-01
7.80234094e+01 1.16017437e-01
7.88236495e+01 1.18176598e-01
7.96238896e+01 1.20348965e-01
8.04241297e+01 1.22534288e-01
8.12243697e+01 1.24732335e-01
8.20246098e+01 1.26942924e-01
8.28248499e+01 1.29165794e-01
8.36250900e+01 1.31400751e-01
8.44253301e+01 1.33647589e-01
8.52255702e+01 1.35906081e-01
8.60258103e+01 1.38175988e-01
8.68260504e+01 1.40457136e-01
8.76262905e+01 1.42749263e-01
8.84265306e+01 1.45052190e-01
8.92267707e+01 1.47365714e-01
9.00270108e+01 1.49689614e-01
9.08272509e+01 1.52023673e-01
9.16274910e+01 1.54367688e-01
9.24277311e+01 1.56721463e-01
9.32279712e+01 1.59084799e-01
9.40282113e+01 1.61457456e-01
9.48284514e+01 1.63839289e-01
9.56286915e+01 1.66230073e-01
9.64289316e+01 1.68629603e-01
9.72291717e+01 1.71037713e-01
9.80294118e+01 1.73454179e-01
9.88296519e+01 1.75878828e-01
9.96298920e+01 1.78311469e-01
1.00430132e+02 1.80751913e-01
1.01230372e+02 1.83199989e-01
1.02030612e+02 1.85655500e-01
1.02830852e+02 1.88118291e-01
1.03631092e+02 1.90588154e-01
1.04431333e+02 1.93064923e-01
1.05231573e+02 1.95548420e-01
1.06031813e+02 1.98038491e-01
1.06832053e+02 2.00534966e-01
1.07632293e+02 2.03037675e-01
1.08432533e+02 2.05546442e-01
1.09232773e+02 2.08061123e-01
1.10033013e+02 2.10581559e-01
1.10833253e+02 2.13107579e-01
1.11633493e+02 2.15639041e-01
1.12433733e+02 2.18175796e-01
1.13233974e+02 2.20717674e-01
1.14034214e+02 2.23264536e-01
1.14834454e+02 2.25816248e-01
1.15634694e+02 2.28372650e-01
1.16434934e+02 2.30933604e-01
1.17235174e+02 2.33498985e-01
1.18035414e+02 2.36068652e-01
1.18835654e+02 2.38642459e-01
1.19635894e+02 2.41220259e-01
1.20436134e+02 2.43801934e-01
1.21236375e+02 2.46387368e-01
1.22036615e+02 2.48976436e-01
1.22836855e+02 2.51568986e-01
1.23637095e+02 2.54164912e-01
1.24437335e+02 2.56764065e-01
1.25237575e+02 2.59366368e-01
1.26037815e+02 2.61971654e-01
1.26838055e+02 2.64579837e-01
1.27638295e+02 2.67190797e-01
1.28438535e+02 2.69804389e-01
1.29238776e+02 2.72420553e-01
1.30039016e+02 2.75039101e-01
1.30839256e+02 2.77659974e-01
1.31639496e+02 2.80283028e-01
1.32439736e+02 2.82908176e-01
1.33239976e+02 2.85535312e-01
1.34040216e+02 2.88164294e-01
1.34840456e+02 2.90795030e-01
1.35640696e+02 2.93427402e-01
1.36440936e+02 2.96061312e-01
1.37241176e+02 2.98696654e-01
1.38041417e+02 3.01333306e-01
1.38841657e+02 3.03971156e-01
1.39641897e+02 3.06610086e-01
1.40442137e+02 3.09250011e-01
1.41242377e+02 3.11890822e-01
1.42042617e+02 3.14532394e-01
1.42842857e+02 3.17174612e-01
1.43643097e+02 3.19817379e-01
1.44443337e+02 3.22460575e-01
1.45243577e+02 3.25104098e-01
1.46043818e+02 3.27747824e-01
1.46844058e+02 3.30391647e-01
1.47644298e+02 3.33035459e-01
1.48444538e+02 3.35679158e-01
1.49244778e+02 3.38322615e-01
1.50045018e+02 3.40965733e-01
1.50845258e+02 3.43608415e-01
1.51645498e+02 3.46250514e-01
1.52445738e+02 3.48891976e-01
1.53245978e+02 3.51532664e-01
1.54046218e+02 3.54172476e-01
1.54846459e+02 3.56811348e-01
1.55646699e+02 3.59449170e-01
1.56446939e+02 3.62085861e-01
1.57247179e+02 3.64721325e-01
1.58047419e+02 3.67355513e-01
1.58847659e+02 3.69988350e-01
1.59647899e+02 3.72619765e-01
1.60448139e+02 3.75249742e-01
1.61248379e+02 3.77878224e-01
1.62048619e+02 3.80505185e-01
1.62848860e+02 3.83130645e-01
1.63649100e+02 3.85754557e-01
1.64449340e+02 3.88376976e-01
1.65249580e+02 3.90997939e-01
1.66049820e+02 3.93617483e-01
1.66850060e+02 3.96235671e-01
1.67650300e+02 3.98852580e-01
1.68450540e+02 4.01468324e-01
1.69250780e+02 4.04083002e-01
1.70051020e+02 4.06696745e-01
1.70851261e+02 4.09309712e-01
1.71651501e+02 4.11922009e-01
1.72451741e+02 4.14533815e-01
1.73251981e+02 4.17145295e-01
1.74052221e+02 4.19756624e-01
1.74852461e+02 4.22367935e-01
1.75652701e+02 4.24979387e-01
1.76452941e+02 4.27591157e-01
1.77253181e+02 4.30203372e-01
1.78053421e+02 4.32816176e-01
1.78853661e+02 4.35429668e-01
1.79653902e+02 4.38043928e-01
1.80454142e+02 4.40659068e-01
1.81254382e+02 4.43275113e-01
1.82054622e+02 4.45892098e-01
1.82854862e+02 4.48510096e-01
1.83655102e+02 4.51129046e-01
1.84455342e+02 4.53748983e-01
1.85255582e+02 4.56369864e-01
1.86055822e+02 4.58991666e-01
1.86856062e+02 4.61614351e-01
1.87656303e+02 4.64237857e-01
1.88456543e+02 4.66862151e-01
1.89256783e+02 4.69487140e-01
1.90057023e+02 4.72112791e-01
1.90857263e+02 4.74739002e-01
1.91657503e+02 4.77365725e-01
1.92457743e+02 4.79992873e-01
1.93257983e+02 4.82620312e-01
1.94058223e+02 4.85247949e-01
1.94858463e+02 4.87875667e-01
1.95658703e+02 4.90503342e-01
1.96458944e+02 4.93130812e-01
1.97259184e+02 4.95757938e-01
1.98059424e+02 4.98384523e-01
1.98859664e+02 5.01010407e-01
1.99659904e+02 5.03635408e-01
2.00460144e+02 5.06259401e-01
2.01260384e+02 5.08882167e-01
2.02060624e+02 5.11503559e-01
2.02860864e+02 5.14123441e-01
2.03661104e+02 5.16741706e-01
2.04461345e+02 5.19358250e-01
2.05261585e+02 5.21973084e-01
2.06061825e+02 5.24586144e-01
2.06862065e+02 5.27197512e-01
2.07662305e+02 5.29807274e-01
2.08462545e+02 5.32415589e-01
2.09262785e+02 5.35022699e-01
2.10063025e+02 5.37628897e-01
2.10863265e+02 5.40234511e-01
2.11663505e+02 5.42840045e-01
2.12463745e+02 5.45445984e-01
2.13263986e+02 5.48052923e-01
2.14064226e+02 5.50661473e-01
2.14864466e+02 5.53272363e-01
2.15664706e+02 5.55886340e-01
2.16464946e+02 5.58504165e-01
2.17265186e+02 5.61126626e-01
2.18065426e+02 5.63754489e-01
2.18865666e+02 5.66388553e-01
2.19665906e+02 5.69029470e-01
2.20466146e+02 5.71677948e-01
2.21266387e+02 5.74334527e-01
2.22066627e+02 5.76999691e-01
2.22866867e+02 5.79673805e-01
2.23667107e+02 5.82357212e-01
2.24467347e+02 5.85050037e-01
2.25267587e+02 5.87752407e-01
2.26067827e+02 5.90464370e-01
2.26868067e+02 5.93185954e-01
2.27668307e+02 5.95917091e-01
2.28468547e+02 5.98657785e-01
2.29268788e+02 6.01408052e-01
2.30069028e+02 6.04167889e-01
2.30869268e+02 6.06937353e-01
2.31669508e+02 6.09716550e-01
2.32469748e+02 6.12505565e-01
2.33269988e+02 6.15304505e-01
2.34070228e+02 6.18113497e-01
2.34870468e+02 6.20932570e-01
2.35670708e+02 6.23761804e-01
2.36470948e+02 6.26601113e-01
2.37271188e+02 6.29450414e-01
2.38071429e+02 6.32309483e-01
2.38871669e+02 6.35178036e-01
2.39671909e+02 6.38055708e-01
2.40472149e+02 6.40942071e-01
2.41272389e+02 6.43836638e-01
2.42072629e+02 6.46738820e-01
2.42872869e+02 6.49648080e-01
2.43673109e+02 6.52563811e-01
2.44473349e+02 6.55485411e-01
2.45273589e+02 6.58412344e-01
2.46073830e+02 6.61344006e-01
2.46874070e+02 6.64279912e-01
2.47674310e+02 6.67219582e-01
2.48474550e+02 6.70162653e-01
2.49274790e+02 6.73108736e-01
2.50075030e+02 6.76057604e-01
2.50875270e+02 6.79009001e-01
2.51675510e+02 6.81962776e-01
2.52475750e+02 6.84918871e-01
2.53275990e+02 6.87877247e-01
2.54076230e+02 6.90837935e-01
2.54876471e+02 6.93801018e-01
2.55676711e+02 6.96766636e-01
2.56476951e+02 6.99734948e-01
2.57277191e+02 7.02706162e-01
2.58077431e+02 7.05680466e-01
2.58877671e+02 7.08658097e-01
2.59677911e+02 7.11639311e-01
2.60478151e+02 7.14624291e-01
2.61278391e+02 7.17613264e-01
2.62078631e+02 7.20606386e-01
2.62878872e+02 7.23603742e-01
2.63679112e+02 7.26605432e-01
2.64479352e+02 7.29611374e-01
2.65279592e+02 7.32621479e-01
2.66079832e+02 7.35635501e-01
2.66880072e+02 7.38653072e-01
2.67680312e+02 7.41673690e-01
2.68480552e+02 7.44696669e-01
2.69280792e+02 7.47721167e-01
2.70081032e+02 7.50746122e-01
2.70881273e+02 7.53770330e-01
2.71681513e+02 7.56792277e-01
2.72481753e+02 7.59810360e-01
2.73281993e+02 7.62822713e-01
2.74082233e+02 7.65827321e-01
2.74882473e+02 7.68821997e-01
2.75682713e+02 7.71804511e-01
2.76482953e+02 7.74772607e-01
2.77283193e+02 7.77724058e-01
2.78083433e+02 7.80656856e-01
2.78883673e+02 7.83569257e-01
2.79683914e+02 7.86459907e-01
2.80484154e+02 7.89328098e-01
2.81284394e+02 7.92173751e-01
2.82084634e+02 7.94997641e-01
2.82884874e+02 7.97801383e-01
2.83685114e+02 8.00587484e-01
2.84485354e+02 8.03359252e-01
2.85285594e+02 8.06120665e-01
2.86085834e+02 8.08876113e-01
2.86886074e+02 8.11629967e-01
2.87686315e+02 8.14386312e-01
2.88486555e+02 8.17148497e-01
2.89286795e+02 8.19918730e-01
2.90087035e+02 8.22697874e-01
2.90887275e+02 8.25485360e-01
2.91687515e+02 8.28279259e-01
2.92487755e+02 8.31076523e-01
2.93287995e+02 8.33873557e-01
2.94088235e+02 8.36666514e-01
2.94888475e+02 8.39451984e-01
2.95688715e+02 8.42227407e-01
2.96488956e+02 8.44991295e-01
2.97289196e+02 8.47743429e-01
2.98089436e+02 8.50484854e-01
2.98889676e+02 8.53217533e-01
2.99689916e+02 8.55944228e-01
3.00490156e+02 8.58667956e-01
3.01290396e+02 8.61391809e-01
3.02090636e+02 8.64118448e-01
3.02890876e+02 8.66850051e-01
3.03691116e+02 8.69587985e-01
3.04491357e+02 8.72332855e-01
3.05291597e+02 8.75084492e-01
3.06091837e+02 8.77842085e-01
3.06892077e+02 8.80604347e-01
3.07692317e+02 8.83369849e-01
3.08492557e+02 8.86137142e-01
3.09292797e+02 8.88905186e-01
3.10093037e+02 8.91673502e-01
3.10893277e+02 8.94442395e-01
3.11693517e+02 8.97213098e-01
3.12493758e+02 8.99987676e-01
3.13293998e+02 9.02769002e-01
3.14094238e+02 9.05560279e-01
3.14894478e+02 9.08364865e-01
3.15694718e+02 9.11185632e-01
3.16494958e+02 9.14024630e-01
3.17295198e+02 9.16882672e-01
3.18095438e+02 9.19759250e-01
3.18895678e+02 9.22652396e-01
3.19695918e+02 9.25559102e-01
3.20496158e+02 9.28475463e-01
3.21296399e+02 9.31397434e-01
3.22096639e+02 9.34321121e-01
3.22896879e+02 9.37243438e-01
3.23697119e+02 9.40162294e-01
3.24497359e+02 9.43076832e-01
3.25297599e+02 9.45987482e-01
3.26097839e+02 9.48895761e-01
3.26898079e+02 9.51804100e-01
3.27698319e+02 9.54715571e-01
3.28498559e+02 9.57633610e-01
3.29298800e+02 9.60561692e-01
3.30099040e+02 9.63503211e-01
3.30899280e+02 9.66461188e-01
3.31699520e+02 9.69438186e-01
3.32499760e+02 9.72436353e-01
3.33300000e+02 9.75457246e-01
3.34100240e+02 9.78501930e-01
3.34900480e+02 9.81570939e-01
3.35700720e+02 9.84664440e-01
3.36500960e+02 9.87782214e-01
3.37301200e+02 9.90923673e-01
3.38101441e+02 9.94088057e-01
3.38901681e+02 9.97274333e-01
3.39701921e+02 1.00048135e+00
3.40502161e+02 1.00370786e+00
3.41302401e+02 1.00695244e+00
3.42102641e+02 1.01021366e+00
3.42902881e+02 1.01348997e+00
3.43703121e+02 1.01677968e+00
3.44503361e+02 1.02008105e+00
3.45303601e+02 1.02339214e+00
3.46103842e+02 1.02671080e+00
3.46904082e+02 1.03003474e+00
3.47704322e+02 1.03336136e+00
3.48504562e+02 1.03668790e+00
3.49304802e+02 1.04001134e+00
3.50105042e+02 1.04332850e+00
3.50905282e+02 1.04663612e+00
3.51705522e+02 1.04993099e+00
3.52505762e+02 1.05321012e+00
3.53306002e+02 1.05647093e+00
3.54106242e+02 1.05971155e+00
3.54906483e+02 1.06293099e+00
3.55706723e+02 1.06612940e+00
3.56506963e+02 1.06930820e+00
3.57307203e+02 1.07246998e+00
3.58107443e+02 1.07561839e+00
3.58907683e+02 1.07875775e+00
3.59707923e+02 1.08189247e+00
3.60508163e+02 1.08502646e+00
3.61308403e+02 1.08816257e+00
3.62108643e+02 1.09130216e+00
3.62908884e+02 1.09444491e+00
3.63709124e+02 1.09758909e+00
3.64509364e+02 1.10073162e+00
3.65309604e+02 1.10386883e+00
3.66109844e+02 1.10699676e+00
3.66910084e+02 1.11011177e+00
3.67710324e+02 1.11321063e+00
3.68510564e+02 1.11629096e+00
3.69310804e+02 1.11935106e+00
3.70111044e+02 1.12239004e+00
3.70911285e+02 1.12540768e+00
3.71711525e+02 1.12840442e+00
3.72511765e+02 1.13138125e+00
3.73312005e+02 1.13433999e+00
3.74112245e+02 1.13728309e+00
3.74912485e+02 1.14021396e+00
3.75712725e+02 1.14313697e+00
3.76512965e+02 1.14605747e+00
3.77313205e+02 1.14898151e+00
3.78113445e+02 1.15191557e+00
3.78913685e+02 1.15486579e+00
3.79713926e+02 1.15783740e+00
3.80514166e+02 1.16083412e+00
3.81314406e+02 1.16385757e+00
3.82114646e+02 1.16690739e+00
3.82914886e+02 1.16998147e+00
3.83715126e+02 1.17307644e+00
3.84515366e+02 1.17618845e+00
3.85315606e+02 1.17931385e+00
3.86115846e+02 1.18244966e+00
3.86916086e+02 1.18559383e+00
3.87716327e+02 1.18874539e+00
3.88516567e+02 1.19190442e+00
3.89316807e+02 1.19507183e+00
3.90117047e+02 1.19824910e+00
3.90917287e+02 1.20143817e+00
3.91717527e+02 1.20464118e+00
3.92517767e+02 1.20786022e+00
3.93318007e+02 1.21109732e+00
3.94118247e+02 1.21435428e+00
3.94918487e+02 1.21763259e+00
3.95718727e+02 1.22093347e+00
3.96518968e+02 1.22425783e+00
3.97319208e+02 1.22760612e+00
3.98119448e+02 1.23097857e+00
3.98919688e+02 1.23437497e+00
3.99719928e+02 1.23779468e+00
4.00520168e+02 1.24123660e+00
4.01320408e+02 1.24469922e+00
4.02120648e+02 1.24818046e+00
4.02920888e+02 1.25167783e+00
4.03721128e+02 1.25518837e+00
4.04521369e+02 1.25870889e+00
4.05321609e+02 1.26223597e+00
4.06121849e+02 1.26576617e+00
4.06922089e+02 1.26929627e+00
4.07722329e+02 1.27282354e+00
4.08522569e+02 1.27634615e+00
4.09322809e+02 1.27986358e+00
4.10123049e+02 1.28337703e+00
4.10923289e+02 1.28688964e+00
4.11723529e+02 1.29040625e+00
4.12523770e+02 1.29393303e+00
4.13324010e+02 1.29747636e+00
4.14124250e+02 1.30104160e+00
4.14924490e+02 1.30463188e+00
4.15724730e+02 1.30824713e+00
4.16524970e+02 1.31188410e+00
4.17325210e+02 1.31553664e+00
4.18125450e+02 1.31919700e+00
4.18925690e+02 1.32285680e+00
4.19725930e+02 1.32650818e+00
4.20526170e+02 1.33014438e+00
4.21326411e+02 1.33376014e+00
4.22126651e+02 1.33735172e+00
4.22926891e+02 1.34091680e+00
4.23727131e+02 1.34445466e+00
4.24527371e+02 1.34796606e+00
4.25327611e+02 1.35145368e+00
4.26127851e+02 1.35492224e+00
4.26928091e+02 1.35837849e+00
4.27728331e+02 1.36183094e+00
4.28528571e+02 1.36528874e+00
4.29328812e+02 1.36876048e+00
4.30129052e+02 1.37225250e+00
4.30929292e+02 1.37576764e+00
4.31729532e+02 1.37930493e+00
4.32529772e+02 1.38286004e+00
4.33330012e+02 1.38642667e+00
4.34130252e+02 1.38999812e+00
4.34930492e+02 1.39356866e+00
4.35730732e+02 1.39713439e+00
4.36530972e+02 1.40069340e+00
4.37331212e+02 1.40424569e+00
4.38131453e+02 1.40779272e+00
4.38931693e+02 1.41133707e+00
4.39731933e+02 1.41488196e+00
4.40532173e+02 1.41843096e+00
4.41332413e+02 1.42198772e+00
4.42132653e+02 1.42555553e+00
4.42932893e+02 1.42913730e+00
4.43733133e+02 1.43273515e+00
4.44533373e+02 1.43635044e+00
4.45333613e+02 1.43998385e+00
4.46133854e+02 1.44363532e+00
4.46934094e+02 1.44730447e+00
4.47734334e+02 1.45099059e+00
4.48534574e+02 1.45469282e+00
4.49334814e+02 1.45841036e+00
4.50135054e+02 1.46214249e+00
4.50935294e+02 1.46588859e+00
4.51735534e+02 1.46964796e+00
4.52535774e+02 1.47341984e+00
4.53336014e+02 1.47720323e+00
4.54136255e+02 1.48099707e+00
4.54936495e+02 1.48480031e+00
4.55736735e+02 1.48861236e+00
4.56536975e+02 1.49243341e+00
4.57337215e+02 1.49626447e+00
4.58137455e+02 1.50010763e+00
4.58937695e+02 1.50396551e+00
4.59737935e+02 1.50784096e+00
4.60538175e+02 1.51173669e+00
4.61338415e+02 1.51565485e+00
4.62138655e+02 1.51959707e+00
4.62938896e+02 1.52356451e+00
4.63739136e+02 1.52755784e+00
4.64539376e+02 1.53157733e+00
4.65339616e+02 1.53562275e+00
4.66139856e+02 1.53969317e+00
4.66940096e+02 1.54378721e+00
4.67740336e+02 1.54790287e+00
4.68540576e+02 1.55203789e+00
4.69340816e+02 1.55618995e+00
4.70141056e+02 1.56035696e+00
4.70941297e+02 1.56453734e+00
4.71741537e+02 1.56873033e+00
4.72541777e+02 1.57293617e+00
4.73342017e+02 1.57715608e+00
4.74142257e+02 1.58139215e+00
4.74942497e+02 1.58564682e+00
4.75742737e+02 1.58992256e+00
4.76542977e+02 1.59422151e+00
4.77343217e+02 1.59854550e+00
4.78143457e+02 1.60289612e+00
4.78943697e+02 1.60727505e+00
4.79743938e+02 1.61168390e+00
4.80544178e+02 1.61612416e+00
4.81344418e+02 1.62059679e+00
4.82144658e+02 1.62510224e+00
4.82944898e+02 1.62964034e+00
4.83745138e+02 1.63421031e+00
4.84545378e+02 1.63881095e+00
4.85345618e+02 1.64344084e+00
4.86145858e+02 1.64809821e+00
4.86946098e+02 1.65278127e+00
4.87746339e+02 1.65748821e+00
4.88546579e+02 1.66221730e+00
4.89346819e+02 1.66696714e+00
4.90147059e+02 1.67173687e+00
4.90947299e+02 1.67652626e+00
4.91747539e+02 1.68133589e+00
4.92547779e+02 1.68616723e+00
4.93348019e+02 1.69102263e+00
4.94148259e+02 1.69590500e+00
4.94948499e+02 1.70081742e+00
4.95748739e+02 1.70576262e+00
4.96548980e+02 1.71074258e+00
4.97349220e+02 1.71575816e+00
4.98149460e+02 1.72080922e+00
4.98949700e+02 1.72589471e+00
4.99749940e+02 1.73101291e+00
5.00550180e+02 1.73616166e+00
5.01350420e+02 1.74133870e+00
5.02150660e+02 1.74654161e+00
5.02950900e+02 1.75176836e+00
5.03751140e+02 1.75701771e+00
5.04551381e+02 1.76228957e+00
5.05351621e+02 1.76758525e+00
5.06151861e+02 1.77290750e+00
5.06952101e+02 1.77826037e+00
5.07752341e+02 1.78364895e+00
5.08552581e+02 1.78907900e+00
5.09352821e+02 1.79455652e+00
5.10153061e+02 1.80008712e+00
5.10953301e+02 1.80567556e+00
5.11753541e+02 1.81132534e+00
5.12553782e+02 1.81703858e+00
5.13354022e+02 1.82281608e+00
5.14154262e+02 1.82865740e+00
5.14954502e+02 1.83456123e+00
5.15754742e+02 1.84052588e+00
5.16554982e+02 1.84655000e+00
5.17355222e+02 1.85263300e+00
5.18155462e+02 1.85877559e+00
5.18955702e+02 1.86497961e+00
5.19755942e+02 1.87124797e+00
5.20556182e+02 1.87758418e+00
5.21356423e+02 1.88399214e+00
5.22156663e+02 1.89047600e+00
5.22956903e+02 1.89703990e+00
5.23757143e+02 1.90368773e+00
5.24557383e+02 1.91042263e+00
5.25357623e+02 1.91724679e+00
5.26157863e+02 1.92416144e+00
5.26958103e+02 1.93116704e+00
5.27758343e+02 1.93826355e+00
5.28558583e+02 1.94545062e+00
5.29358824e+02 1.95272762e+00
5.30159064e+02 1.96009357e+00
5.30959304e+02 1.96754725e+00
5.31759544e+02 1.97508731e+00
5.32559784e+02 1.98271279e+00
5.33360024e+02 1.99042351e+00
5.34160264e+02 1.99822035e+00
5.34960504e+02 2.00610510e+00
5.35760744e+02 2.01408011e+00
5.36560984e+02 2.02214780e+00
5.37361224e+02 2.03031021e+00
5.38161465e+02 2.03856899e+00
5.38961705e+02 2.04692529e+00
5.39761945e+02 2.05537966e+00
5.40562185e+02 2.06393171e+00
5.41362425e+02 2.07257992e+00
5.42162665e+02 2.08132172e+00
5.42962905e+02 2.09015430e+00
5.43763145e+02 2.09907556e+00
5.44563385e+02 2.10808476e+00
5.45363625e+02 2.11718292e+00
5.46163866e+02 2.12637247e+00
5.46964106e+02 2.13565646e+00
5.47764346e+02 2.14503767e+00
5.48564586e+02 2.15451833e+00
5.49364826e+02 2.16410060e+00
5.50165066e+02 2.17378674e+00
5.50965306e+02 2.18357949e+00
5.51765546e+02 2.19348170e+00
5.52565786e+02 2.20349613e+00
5.53366026e+02 2.21362513e+00
5.54166267e+02 2.22387055e+00
5.54966507e+02 2.23423356e+00
5.55766747e+02 2.24471459e+00
5.56566987e+02 2.25531348e+00
5.57367227e+02 2.26603032e+00
5.58167467e+02 2.27686612e+00
5.58967707e+02 2.28782338e+00
5.59767947e+02 2.29890622e+00
5.60568187e+02 2.31012003e+00
5.61368427e+02 2.32147069e+00
5.62168667e+02 2.33296379e+00
5.62968908e+02 2.34460447e+00
5.63769148e+02 2.35639783e+00
5.64569388e+02 2.36834880e+00
5.65369628e+02 2.38046126e+00
5.66169868e+02 2.39273684e+00
5.66970108e+02 2.40517505e+00
5.67770348e+02 2.41777455e+00
5.68570588e+02 2.43053494e+00
5.69370828e+02 2.44345764e+00
5.70171068e+02 2.45654562e+00
5.70971309e+02 2.46980254e+00
5.71771549e+02 2.48323159e+00
5.72571789e+02 2.49683531e+00
5.73372029e+02 2.51061640e+00
5.74172269e+02 2.52457857e+00
5.74972509e+02 2.53872631e+00
5.75772749e+02 2.55306290e+00
5.76572989e+02 2.56758897e+00
5.77373229e+02 2.58230294e+00
5.78173469e+02 2.59720306e+00
5.78973709e+02 2.61228825e+00
5.79773950e+02 2.62755699e+00
5.80574190e+02 2.64300561e+00
5.81374430e+02 2.65862845e+00
5.82174670e+02 2.67441985e+00
5.82974910e+02 2.69037654e+00
5.83775150e+02 2.70649789e+00
5.84575390e+02 2.72278411e+00
5.85375630e+02 2.73923391e+00
5.86175870e+02 2.75584364e+00
5.86976110e+02 2.77260851e+00
5.87776351e+02 2.78952472e+00
5.88576591e+02 2.80658923e+00
5.89376831e+02 2.82379682e+00
5.90177071e+02 2.84113680e+00
5.90977311e+02 2.85859435e+00
5.91777551e+02 2.87615643e+00
5.92577791e+02 2.89381634e+00
5.93378031e+02 2.91157256e+00
5.94178271e+02 2.92942274e+00
5.94978511e+02 2.94735876e+00
5.95778752e+02 2.96536768e+00
5.96578992e+02 2.98343725e+00
5.97379232e+02 3.00155950e+00
5.98179472e+02 3.01972804e+00
5.98979712e+02 3.03793282e+00
5.99779952e+02 3.05615907e+00
6.00580192e+02 3.07439156e+00
6.01380432e+02 3.09261840e+00
6.02180672e+02 3.11083017e+00
6.02980912e+02 3.12901635e+00
6.03781152e+02 3.14716322e+00
6.04581393e+02 3.16525528e+00
6.05381633e+02 3.18327866e+00
6.06181873e+02 3.20122205e+00
6.06982113e+02 3.21907370e+00
6.07782353e+02 3.23681848e+00
6.08582593e+02 3.25443963e+00
6.09382833e+02 3.27192128e+00
6.10183073e+02 3.28924732e+00
6.10983313e+02 3.30639981e+00
6.11783553e+02 3.32336053e+00
6.12583794e+02 3.34011196e+00
6.13384034e+02 3.35663601e+00
6.14184274e+02 3.37291321e+00
6.14984514e+02 3.38892427e+00
6.15784754e+02 3.40465044e+00
6.16584994e+02 3.42007330e+00
6.17385234e+02 3.43517400e+00
6.18185474e+02 3.44993234e+00
6.18985714e+02 3.46432693e+00
6.19785954e+02 3.47833604e+00
6.20586194e+02 3.49193822e+00
6.21386435e+02 3.50511273e+00
6.22186675e+02 3.51783964e+00
6.22986915e+02 3.53010094e+00
6.23787155e+02 3.54188242e+00
6.24587395e+02 3.55317517e+00
6.25387635e+02 3.56397597e+00
6.26187875e+02 3.57428771e+00
6.26988115e+02 3.58411975e+00
6.27788355e+02 3.59348795e+00
6.28588595e+02 3.60241352e+00
6.29388836e+02 3.61092026e+00
6.30189076e+02 3.61903009e+00
6.30989316e+02 3.62675683e+00
6.31789556e+02 3.63409987e+00
6.32589796e+02 3.64103868e+00
6.33390036e+02 3.64752957e+00
6.34190276e+02 3.65350542e+00
6.34990516e+02 3.65888075e+00
6.35790756e+02 3.66356349e+00
6.36590996e+02 3.66747083e+00
6.37391236e+02 3.67054454e+00
6.38191477e+02 3.67275975e+00
6.38991717e+02 3.67412570e+00
6.39791957e+02 3.67468142e+00
6.40592197e+02 3.67448858e+00
6.41392437e+02 3.67362254e+00
6.42192677e+02 3.67216254e+00
6.42992917e+02 3.67018180e+00
6.43793157e+02 3.66773817e+00
6.44593397e+02 3.66486391e+00
6.45393637e+02 3.66155282e+00
6.46193878e+02 3.65774847e+00
6.46994118e+02 3.65334272e+00
6.47794358e+02 3.64818981e+00
6.48594598e+02 3.64213388e+00
6.49394838e+02 3.63504234e+00
6.50195078e+02 3.62683063e+00
6.50995318e+02 3.61746770e+00
6.51795558e+02 3.60696328e+00
6.52595798e+02 3.59534832e+00
6.53396038e+02 3.58265847e+00
6.54196279e+02 3.56892273e+00
6.54996519e+02 3.55415737e+00
6.55796759e+02 3.53836660e+00
6.56596999e+02 3.52154984e+00
6.57397239e+02 3.50370841e+00
6.58197479e+02 3.48484810e+00
6.58997719e+02 3.46498193e+00
6.59797959e+02 3.44413576e+00
6.60598199e+02 3.42234921e+00
6.61398439e+02 3.39966337e+00
6.62198679e+02 3.37609690e+00
6.62998920e+02 3.35162213e+00
6.63799160e+02 3.32615220e+00
6.64599400e+02 3.29955629e+00
6.65399640e+02 3.27171172e+00
6.66199880e+02 3.24256460e+00
6.67000120e+02 3.21215743e+00
6.67800360e+02 3.18060533e+00
6.68600600e+02 3.14803585e+00
6.69400840e+02 3.11452288e+00
6.70201080e+02 3.08004288e+00
6.71001321e+02 3.04448311e+00
6.71801561e+02 3.00770772e+00
6.72601801e+02 2.96963615e+00
6.73402041e+02 2.93027583e+00
6.74202281e+02 2.88970325e+00
6.75002521e+02 2.84802829e+00
6.75802761e+02 2.80536051e+00
6.76603001e+02 2.76179086e+00
6.77403241e+02 2.71738774e+00
6.78203481e+02 2.67220247e+00
6.79003721e+02 2.62628048e+00
6.79803962e+02 2.57966038e+00
6.80604202e+02 2.53237759e+00
6.81404442e+02 2.48446994e+00
6.82204682e+02 2.43598119e+00
6.83004922e+02 2.38696321e+00
6.83805162e+02 2.33747543e+00
6.84605402e+02 2.28758475e+00
6.85405642e+02 2.23736688e+00
6.86205882e+02 2.18690845e+00
6.87006122e+02 2.13630814e+00
6.87806363e+02 2.08567676e+00
6.88606603e+02 2.03513669e+00
6.89406843e+02 1.98482163e+00
6.90207083e+02 1.93487612e+00
6.91007323e+02 1.88545751e+00
6.91807563e+02 1.83673952e+00
6.92607803e+02 1.78891389e+00
6.93408043e+02 1.74219011e+00
6.94208283e+02 1.69679104e+00
6.95008523e+02 1.65294610e+00
6.95808764e+02 1.61089306e+00
6.96609004e+02 1.57088786e+00
6.97409244e+02 1.53320695e+00
6.98209484e+02 1.49814431e+00
6.99009724e+02 1.46600853e+00
6.99809964e+02 1.43711541e+00
7.00610204e+02 1.41178409e+00
7.01410444e+02 1.39034649e+00
7.02210684e+02 1.37315465e+00
7.03010924e+02 1.36057738e+00
7.03811164e+02 1.35299870e+00
7.04611405e+02 1.35081472e+00
7.05411645e+02 1.35442536e+00
7.06211885e+02 1.36421887e+00
7.07012125e+02 1.38058635e+00
7.07812365e+02 1.40395254e+00
7.08612605e+02 1.43473278e+00
7.09412845e+02 1.47333208e+00
7.10213085e+02 1.52019420e+00
7.11013325e+02 1.57573315e+00
7.11813565e+02 1.64033379e+00
7.12613806e+02 1.71446523e+00
7.13414046e+02 1.79859142e+00
7.14214286e+02 1.89319162e+00
7.15014526e+02 1.99883931e+00
7.15814766e+02 2.11604468e+00
7.16615006e+02 2.24538045e+00
7.17415246e+02 2.38761954e+00
7.18215486e+02 2.54352887e+00
7.19015726e+02 2.71391600e+00
7.19815966e+02 2.89965019e+00
7.20616206e+02 3.10140110e+00
7.21416447e+02 3.31971725e+00
7.22216687e+02 3.55517920e+00
7.23016927e+02 3.80820872e+00
7.23817167e+02 4.07893005e+00
7.24617407e+02 4.36712544e+00
7.25417647e+02 4.67229197e+00
7.26217887e+02 4.99402346e+00
7.27018127e+02 5.33242659e+00
7.27818367e+02 5.68816398e+00
7.28618607e+02 6.06247808e+00
7.29418848e+02 6.45720679e+00
7.30219088e+02 6.87441130e+00
7.31019328e+02 7.31581348e+00
7.31819568e+02 7.78232228e+00
7.32619808e+02 8.27437468e+00
7.33420048e+02 8.79264931e+00
7.34220288e+02 9.33809717e+00
7.35020528e+02 9.91156117e+00
7.35820768e+02 1.05130497e+01
7.36621008e+02 1.11410461e+01
7.37421248e+02 1.17926582e+01
7.38221489e+02 1.24652744e+01
7.39021729e+02 1.31595738e+01
7.39821969e+02 1.38785081e+01
7.40622209e+02 1.46231276e+01
7.41422449e+02 1.53909340e+01
7.42222689e+02 1.61787604e+01
7.43022929e+02 1.69880521e+01
7.43823169e+02 1.78229474e+01
7.44623409e+02 1.86861094e+01
7.45423649e+02 1.95784259e+01
7.46223890e+02 2.04998531e+01
7.47024130e+02 2.14499804e+01
7.47824370e+02 2.24282939e+01
7.48624610e+02 2.34342817e+01
7.49424850e+02 2.44674716e+01
7.50225090e+02 2.55274399e+01
7.51025330e+02 2.66138109e+01
7.51825570e+02 2.77262525e+01
7.52625810e+02 2.88644711e+01
7.53426050e+02 3.00282076e+01
7.54226291e+02 3.12172326e+01
7.55026531e+02 3.24313440e+01
7.55826771e+02 3.36703635e+01
7.56627011e+02 3.49341344e+01
7.57427251e+02 3.62225199e+01
7.58227491e+02 3.75354010e+01
7.59027731e+02 3.88726753e+01
7.59827971e+02 4.02342560e+01
7.60628211e+02 4.16200703e+01
7.61428451e+02 4.30300589e+01
7.62228691e+02 4.44641751e+01
7.63028932e+02 4.59223839e+01
7.63829172e+02 4.74046620e+01
7.64629412e+02 4.89109963e+01
7.65429652e+02 5.04413845e+01
7.66229892e+02 5.19958339e+01
7.67030132e+02 5.35743612e+01
7.67830372e+02 5.51769927e+01
7.68630612e+02 5.68037633e+01
7.69430852e+02 5.84547167e+01
7.70231092e+02 6.01299051e+01
7.71031333e+02 6.18293890e+01
7.71831573e+02 6.35532370e+01
7.72631813e+02 6.53015258e+01
7.73432053e+02 6.70743399e+01
7.74232293e+02 6.88717717e+01
7.75032533e+02 7.06939215e+01
7.75832773e+02 7.25408971e+01
7.76633013e+02 7.44128139e+01
7.77433253e+02 7.63097954e+01
7.78233493e+02 7.82319722e+01
7.79033733e+02 8.01794829e+01
7.79833974e+02 8.21524738e+01
7.80634214e+02 8.41510988e+01
7.81434454e+02 8.61755195e+01
7.82234694e+02 8.82259055e+01
7.83034934e+02 9.03024343e+01
7.83835174e+02 9.24052913e+01
7.84635414e+02 9.45346701e+01
7.85435654e+02 9.66907724e+01
7.86235894e+02 9.88738083e+01
7.87036134e+02 1.01083996e+02
7.87836375e+02 1.03321563e+02
7.88636615e+02 1.05586746e+02
7.89436855e+02 1.07879788e+02
7.90237095e+02 1.10200943e+02
7.91037335e+02 1.12550476e+02
7.91837575e+02 1.14928659e+02
7.92637815e+02 1.17335773e+02
7.93438055e+02 1.19772112e+02
7.94238295e+02 1.22237977e+02
7.95038535e+02 1.24733682e+02
7.95838776e+02 1.27259551e+02
7.96639016e+02 1.29815918e+02
7.97439256e+02 1.32403129e+02
7.98239496e+02 1.35021542e+02
7.99039736e+02 1.37671527e+02
7.99839976e+02 1.40353464e+02
8.00640216e+02 1.43067750e+02
8.01440456e+02 1.45814790e+02
8.02240696e+02 1.48595008e+02
8.03040936e+02 1.51408837e+02
8.03841176e+02 1.54256727e+02
8.04641417e+02 1.57139143e+02
8.05441657e+02 1.60056563e+02
8.06241897e+02 1.63009483e+02
8.07042137e+02 1.65998416e+02
8.07842377e+02 1.69023890e+02
8.08642617e+02 1.72086451e+02
8.09442857e+02 1.75186664e+02
8.10243097e+02 1.78325113e+02
8.11043337e+02 1.81502401e+02
8.11843577e+02 1.84719151e+02
8.12643818e+02 1.87976007e+02
8.13444058e+02 1.91273638e+02
8.14244298e+02 1.94612731e+02
8.15044538e+02 1.97994000e+02
8.15844778e+02 2.01418182e+02
8.16645018e+02 2.04886042e+02
8.17445258e+02 2.08398369e+02
8.18245498e+02 2.11955980e+02
8.19045738e+02 2.15559724e+02
8.19845978e+02 2.19210476e+02
8.20646218e+02 2.22909147e+02
8.21446459e+02 2.26656676e+02
8.22246699e+02 2.30454042e+02
8.23046939e+02 2.34302255e+02
8.23847179e+02 2.38202364e+02
8.24647419e+02 2.42155460e+02
8.25447659e+02 2.46162671e+02
8.26247899e+02 2.50225171e+02
8.27048139e+02 2.54344178e+02
8.27848379e+02 2.58520956e+02
8.28648619e+02 2.62756822e+02
8.29448860e+02 2.67053140e+02
8.30249100e+02 2.71411334e+02
8.31049340e+02 2.75832881e+02
8.31849580e+02 2.80319320e+02
8.32649820e+02 2.84872253e+02
8.33450060e+02 2.89493351e+02
8.34250300e+02 2.94184351e+02
8.35050540e+02 2.98947066e+02
8.35850780e+02 3.03783388e+02
8.36651020e+02 3.08695290e+02
8.37451261e+02 3.13684832e+02
8.38251501e+02 3.18754166e+02
8.39051741e+02 3.23905541e+02
8.39851981e+02 3.29141308e+02
8.40652221e+02 3.34463928e+02
8.41452461e+02 3.39875975e+02
8.42252701e+02 3.45380146e+02
8.43052941e+02 3.50979268e+02
8.43853181e+02 3.56676305e+02
8.44653421e+02 3.62474368e+02
8.45453661e+02 3.68376721e+02
8.46253902e+02 3.74386795e+02
8.47054142e+02 3.80508199e+02
8.47854382e+02 3.86744727e+02
8.48654622e+02 3.93100375e+02
8.49454862e+02 3.99579353e+02
8.50255102e+02 4.06186102e+02
8.51055342e+02 4.12925308e+02
8.51855582e+02 4.19801918e+02
8.52655822e+02 4.26821165e+02
8.53456062e+02 4.33988582e+02
8.54256303e+02 4.41310032e+02
8.55056543e+02 4.48791726e+02
8.55856783e+02 4.56440256e+02
8.56657023e+02 4.64262622e+02
8.57457263e+02 4.72266265e+02
8.58257503e+02 4.80459106e+02
8.59057743e+02 4.88849582e+02
8.59857983e+02 4.97446694e+02
8.60658223e+02 5.06260055e+02
8.61458463e+02 5.15299940e+02
8.62258703e+02 5.24577353e+02
8.63058944e+02 5.34104090e+02
8.63859184e+02 5.43892812e+02
8.64659424e+02 5.53957132e+02
8.65459664e+02 5.64311707e+02
8.66259904e+02 5.74972341e+02
8.67060144e+02 5.85956105e+02
8.67860384e+02 5.97281470e+02
8.68660624e+02 6.08968456e+02
8.69460864e+02 6.21038802e+02
8.70261104e+02 6.33516164e+02
8.71061345e+02 6.46426333e+02
8.71861585e+02 6.59797490e+02
8.72661825e+02 6.73660499e+02
8.73462065e+02 6.88049245e+02
8.74262305e+02 7.03001021e+02
8.75062545e+02 7.18556986e+02
8.75862785e+02 7.34762695e+02
8.76663025e+02 7.51668726e+02
8.77463265e+02 7.69331414e+02
8.78263505e+02 7.87813731e+02
8.79063745e+02 8.07186334e+02
8.79863986e+02 8.27528822e+02
8.80664226e+02 8.48931269e+02
8.81464466e+02 8.71496079e+02
8.82264706e+02 8.95340276e+02
8.83064946e+02 9.20598327e+02
8.83865186e+02 9.47425654e+02
8.84665426e+02 9.76003015e+02
8.85465666e+02 1.00654198e+03
8.86265906e+02 1.03929175e+03
8.87066146e+02 1.07454755e+03
8.87866387e+02 1.11266077e+03
8.88666627e+02 1.15405061e+03
8.89466867e+02 1.19921637e+03
8.90267107e+02 1.24874771e+03
8.91067347e+02 1.30332733e+03
8.91867587e+02 1.36371424e+03
8.92667827e+02 1.43068567e+03
8.93468067e+02 1.50489875e+03
8.94268307e+02 1.58661044e+03
8.95068547e+02 1.67517371e+03
8.95868788e+02 1.76824516e+03
8.96669028e+02 1.86079335e+03
8.97469268e+02 1.94449253e+03
8.98269508e+02 2.00909646e+03
8.99069748e+02 2.04806805e+03
8.99869988e+02 2.06726285e+03
9.00670228e+02 2.08604060e+03
9.01470468e+02 2.12337065e+03
9.02270708e+02 2.18526885e+03
9.03070948e+02 2.26696236e+03
9.03871188e+02 2.36056795e+03
9.04671429e+02 2.45953255e+03
9.05471669e+02 2.55963850e+03
9.06271909e+02 2.65857542e+03
9.07072149e+02 2.75526311e+03
9.07872389e+02 2.84931823e+03
9.08672629e+02 2.94071431e+03
9.09472869e+02 3.02958799e+03
9.10273109e+02 3.11613707e+03
9.11073349e+02 3.20057071e+03
9.11873589e+02 3.28308746e+03
9.12673830e+02 3.36386713e+03
9.13474070e+02 3.44306923e+03
9.14274310e+02 3.52083412e+03
9.15074550e+02 3.59728523e+03
9.15874790e+02 3.67253134e+03
9.16675030e+02 3.74666873e+03
9.17475270e+02 3.81978305e+03
9.18275510e+02 3.89195089e+03
9.19075750e+02 3.96324106e+03
9.19875990e+02 4.03371573e+03
9.20676230e+02 4.10343126e+03
9.21476471e+02 4.17243903e+03
9.22276711e+02 4.24078600e+03
9.23076951e+02 4.30851530e+03
9.23877191e+02 4.37566667e+03
9.24677431e+02 4.44227682e+03
9.25477671e+02 4.50837981e+03
9.26277911e+02 4.57400728e+03
9.27078151e+02 4.63918876e+03
9.27878391e+02 4.70395184e+03
9.28678631e+02 4.76832239e+03
9.29478872e+02 4.83232471e+03
9.30279112e+02 4.89598168e+03
9.31079352e+02 4.95931491e+03
9.31879592e+02 5.02234484e+03
9.32679832e+02 5.08509083e+03
9.33480072e+02 5.14757129e+03
9.34280312e+02 5.20980374e+03
9.35080552e+02 5.27180490e+03
9.35880792e+02 5.33359073e+03
9.36681032e+02 5.39517652e+03
9.37481273e+02 5.45657695e+03
9.38281513e+02 5.51780612e+03
9.39081753e+02 5.57887761e+03
9.39881993e+02 5.63980452e+03
9.40682233e+02 5.70059953e+03
9.41482473e+02 5.76127489e+03
9.42282713e+02 5.82184251e+03
9.43082953e+02 5.88231396e+03
9.43883193e+02 5.94270049e+03
9.44683433e+02 6.00301311e+03
9.45483673e+02 6.06326254e+03
9.46283914e+02 6.12345931e+03
9.47084154e+02 6.18361374e+03
9.47884394e+02 6.24373598e+03
9.48684634e+02 6.30383600e+03
9.49484874e+02 6.36392368e+03
9.50285114e+02 6.42400874e+03
9.51085354e+02 6.48410085e+03
9.51885594e+02 6.54420957e+03
9.52685834e+02 6.60434445e+03
9.53486074e+02 6.66451495e+03
9.54286315e+02 6.72473056e+03
9.55086555e+02 6.78500074e+03
9.55886795e+02 6.84533501e+03
9.56687035e+02 6.90574288e+03
9.57487275e+02 6.96623395e+03
9.58287515e+02 7.02681792e+03
9.59087755e+02 7.08750454e+03
9.59887995e+02 7.14830372e+03
9.60688235e+02 7.20922551e+03
9.61488475e+02 7.27028011e+03
9.62288715e+02 7.33147794e+03
9.63088956e+02 7.39282962e+03
9.63889196e+02 7.45434601e+03
9.64689436e+02 7.51603827e+03
9.65489676e+02 7.57791784e+03
9.66289916e+02 7.63999653e+03
9.67090156e+02 7.70228652e+03
9.67890396e+02 7.76480039e+03
9.68690636e+02 7.82755121e+03
9.69490876e+02 7.89055255e+03
9.70291116e+02 7.95381855e+03
9.71091357e+02 8.01736398e+03
9.71891597e+02 8.08120429e+03
9.72691837e+02 8.14535570e+03
9.73492077e+02 8.20983526e+03
9.74292317e+02 8.27466099e+03
9.75092557e+02 8.33985191e+03
9.75892797e+02 8.40542822e+03
9.76693037e+02 8.47141141e+03
9.77493277e+02 8.53782441e+03
9.78293517e+02 8.60469176e+03
9.79093758e+02 8.67203985e+03
9.79893998e+02 8.73989709e+03
9.80694238e+02 8.80829425e+03
9.81494478e+02 8.87726474e+03
9.82294718e+02 8.94684505e+03
9.83094958e+02 9.01707512e+03
9.83895198e+02 9.08799898e+03
9.84695438e+02 9.15966538e+03
9.85495678e+02 9.23212860e+03
9.86295918e+02 9.30544949e+03
9.87096158e+02 9.37969673e+03
9.87896399e+02 9.45494842e+03
9.88696639e+02 9.53129414e+03
9.89496879e+02 9.60883760e+03
9.90297119e+02 9.68770011e+03
9.91097359e+02 9.76802514e+03
9.91897599e+02 9.84998443e+03
9.92697839e+02 9.93378601e+03
9.93498079e+02 1.00196847e+04
9.94298319e+02 1.01079954e+04
9.95098559e+02 1.01991079e+04
9.95898800e+02 1.02935007e+04
9.96699040e+02 1.03917435e+04
9.97499280e+02 1.04944742e+04
9.98299520e+02 1.06023725e+04
9.99099760e+02 1.07167073e+04
9.99900000e+02 1.08548690e+04
