# t = 1
# W = 300
# L = 100
# xic = 1.1516471649044517
# plate_distance = 18.426354638471228
# E_dis = 0.015079644737231007
# E_img = 2.170803763674803
# omB0 = 0.37699111843077515
# iter_dis = 1
# Ncore = 5
arrE G0 GIMG
1.1309733552923253 5.999997475156135 5.9999962755575
1.1318340656083774 5.999996937482311 5.999996356197008
1.1326947759244295 5.999996264244132 5.999996621301024
1.1335554862404813 5.999995561595954 5.999997020514382
1.1344161965565334 5.999994925589531 5.9999974666009335
1.1352769068725854 5.999994431883985 5.999997849152774
1.1361376171886375 5.999994125188675 5.999998050671128
1.1369983275046895 5.999994007299196 5.999997962690936
1.1378590378207414 5.999994020505704 5.999997499240546
1.1387197481367934 5.99999402085316 5.999996604162392
1.1395804584528455 5.999993746548395 5.999995245667706
1.1404411687688973 5.999992863590951 5.999993375282428
1.1413018790849494 5.999991166248329 5.999990688006621
1.1421625894010015 5.9999911746800745 5.99999123093097
1.1430232997170533 5.999992287894826 5.999994949557033
1.1438840100331054 5.999992805142475 5.999996745954286
1.1447447203491574 5.9999933994937775 5.999997648896424
1.1456054306652095 5.999994122604243 5.999997971683711
1.1464661409812615 5.9999949181163235 5.999997912326131
1.1473268512973134 5.99999570103496 5.999997631896691
1.1481875616133654 5.999996384024563 5.999997267318395
1.1490482719294175 5.999996895788857 5.9999969293302975
1.1499089822454693 5.999997208478026 5.99999669769226
1.1507696925615214 5.999997337149767 5.99999661766557
1.1516304028775735 5.999997279950291 5.999996699282408
1.1524911131936253 5.999996999977816 5.999996919790859
1.1533518235096774 5.999996471668936 5.999997228977061
1.1542125338257294 5.999995722031243 5.999997556633516
1.1550732441417815 5.999994881296865 5.99999782109961
1.1559339544578335 5.999994206062565 5.999997937465747
1.1567946647738854 5.999993848317953 5.999997823560561
1.1576553750899374 5.99999364433063 5.999997400433319
1.1585160854059895 5.999993395696909 5.9999965789376
1.1593767957220413 5.999993002465338 5.999995197760793
1.1602375060380934 5.9999921429194805 5.999992597788052
1.1610982163541452 5.999993252464829 5.999992539146372
1.1619589266701973 5.999994484342334 5.9999947622547225
1.1628196369862493 5.999994351338403 5.99999600872052
1.1636803473023014 5.999994287138951 5.999996806905255
1.1645410576183535 5.999994431705485 5.999997300060077
1.1654017679344053 5.999994462177939 5.999997571462119
1.1662624782504574 5.999994887671345 5.999997688146679
1.1671231885665094 5.999995309321338 5.999997709065535
1.1679838988825615 5.999995930872148 5.999997684607298
1.1688446091986133 5.999996463023155 5.9999976539880056
1.1697053195146654 5.999996991868225 5.99999764277856
1.1705660298307172 6.000133473061771 5.999997661511245
1.1714267401467693 6.066979296035263 5.999997705695573
1.1722874504628213 6.466564500539964 5.999997757267491
1.1731481607788734 7.033976697558325 5.999997787221136
1.1740088710949255 6.994111782636089 5.999997758973527
1.1748695814109773 7.021812622176052 5.9999976317496895
1.1757302917270294 7.0235444148363735 5.999997362871538
1.1765910020430814 6.999867791484225 5.999996906635178
1.1774517123591333 6.99987652505927 5.999996203176753
1.1783124226751853 6.999842004548367 5.999995127433095
1.1791731329912374 6.999817514063754 5.9999930457262
1.1800338433072892 6.999929575424997 5.999993196725794
1.1808945536233413 6.999828758093386 5.999995975572405
1.1817552639393933 6.99993982183237 5.999996999101738
1.1826159742554454 6.999888501593493 5.999997509499113
1.1834766845714975 6.999976727232538 5.999997732064346
1.1843373948875493 6.999954144307229 5.999997775163091
1.1851981052036014 6.999907742455343 5.999997712692313
1.1860588155196534 6.999962479584387 5.999997602820637
1.1869195258357053 6.999966563510347 5.999997492560751
1.1877802361517573 6.99994695604316 5.999997418032053
1.1886409464678092 6.999969766094882 5.999997403436573
1.1895016567838612 6.999973169452633 5.999997459953397
1.1903623670999133 6.999941401061621 5.999997585058354
1.1912230774159653 6.999940390812472 5.999997762457763
1.1920837877320174 6.999978648182874 5.99999796257865
1.1929444980480692 6.999995302719376 5.999998178889935
1.1938052083641213 6.9999679493777025 6.009328941489471
1.1946659186801734 6.9999403716895054 6.199725861829513
1.1955266289962254 6.999946779624224 6.103190942807288
1.1963873393122773 6.999964792963712 6.385260989685536
1.1972480496283293 6.99995658245276 6.302474314096018
1.1981087599443812 6.999925053329394 6.428170008392321
1.1989694702604332 6.999918546141419 6.231718742022062
1.1998301805764853 6.99996258193643 6.872401780674113
1.2006908908925373 6.999955702466291 6.370157753614325
1.2015516012085894 6.99993753070613 6.472507598817307
1.2024123115246412 6.999941069735606 6.810115196942347
1.2032730218406933 6.999965530451242 6.590185750592994
1.2041337321567454 6.999990104356101 6.9733426805818235
1.2049944424727974 6.999997637162573 6.763410116705251
1.2058551527888492 6.999987733014289 6.790678462986761
1.2067158631049013 6.999972778181367 6.690984499950392
1.2075765734209531 6.999965314261186 6.9524052220327475
1.2084372837370052 6.999968829945209 6.953143418780071
1.2092979940530573 6.999977746323933 6.9471851771274755
1.2101587043691093 6.999984013405899 6.995367309452299
1.2110194146851614 6.999983765683275 6.697720875837799
1.2118801250012132 6.999979200705175 6.885289560258804
1.2127408353172653 6.999975402294119 6.9859892353020125
1.2136015456333173 6.999975437022657 6.8546368132130695
1.2144622559493692 6.999977622565788 6.80488200728598
1.2153229662654212 6.999976790004133 6.996690622323327
1.216183676581473 6.9999685937796 6.978319813886075
1.2170443868975251 6.999954041071466 6.973934731389851
1.2179050972135772 6.99994485359051 6.993401562553988
1.2187658075296293 6.999954783962299 6.9981468701812055
1.2196265178456813 6.99998724353105 6.998458179439387
1.2204872281617332 6.999991146686673 6.998582630455364
1.2213479384777852 6.999983609036767 6.99798614789551
1.2222086487938373 6.9999735494627195 6.99700713358289
1.2230693591098893 6.999967588526466 6.99898589740438
1.2239300694259412 6.999968591358776 6.9996681335970985
1.2247907797419932 6.999975520861528 6.9996837081453025
1.225651490058045 6.999984818875108 6.99897730192429
1.2265122003740971 6.9999924631789705 6.999772345783317
1.2273729106901492 6.999995742961231 6.99955432203324
1.2282336210062013 6.999994168730116 6.999804632757663
1.2290943313222533 6.999989302356995 6.99961090386285
1.2299550416383054 6.999983766995037 6.999538874821619
1.2308157519543572 6.9999800294115895 6.999730671922625
1.2316764622704093 6.999979388725303 6.999417533423216
1.2325371725864613 6.999981368214935 6.9995924944302095
1.2333978829025132 6.999984105865951 6.999741930063917
1.2342585932185652 6.999985512079082 6.998584374583922
1.235119303534617 6.999984154304832 6.998717368433014
1.2359800138506691 6.999979487149914 6.999811784675814
1.2368407241667212 6.999973643310475 6.9968708244945805
1.2377014344827733 6.999966371955991 6.996938333527914
1.2385621447988253 6.999972492633076 6.999887934382362
1.2394228551148772 6.999980275052302 6.999557947477358
1.2402835654309292 6.999982477986619 6.999969645357937
1.2411442757469813 6.999982571517995 6.998918084143849
1.2420049860630333 6.999982790977335 6.999581751551072
1.2428656963790852 6.9999839075738794 6.999095604247292
1.2437264066951372 6.999986444171914 6.9993358326554125
1.244587117011189 6.99998968752543 6.999795293545965
1.2454478273272411 6.999994068918121 6.999629780674302
1.2463085376432932 7.003862401632022 6.999449801120721
1.2471692479593453 7.422839708636334 6.999648483242424
1.248029958275397 7.9320869500520335 6.999886215026313
1.2488906685914491 8.115885153486778 6.999853546054523
1.2497513789075012 8.067594868719949 6.999881531049938
1.2506120892235533 8.087694367507758 6.999832399740338
1.2514727995396053 8.000020050272143 6.999889707477473
1.2523335098556572 7.999944293876797 6.999807851792984
1.253194220171709 7.9999418419549695 6.9998474169280644
1.254054930487761 7.999936317413529 6.999832000940361
1.2549156408038131 7.999736464590393 6.999865290942304
1.2557763511198652 7.999924123990558 7.003184903680417
1.2566370614359172 7.99986926542773 6.999859529783262
1.2574977717519693 7.999894833122516 6.999715405752535
1.2583584820680211 7.999885781270165 6.999904421034553
1.2592191923840732 7.999970593508323 6.999980435111282
1.2600799027001253 7.9999076001259475 6.999912335346916
1.260940613016177 7.99991825120673 7.004196060904691
1.2618013233322292 7.999970223976057 7.000073771463272
1.262662033648281 7.999952434014687 7.0027685086791545
1.263522743964333 7.999950675488344 7.0006213903881775
1.2643834542803851 7.999973941936421 7.000205970594328
1.2652441645964372 7.999956432994019 7.000918127779602
1.2661048749124892 7.999928115002432 7.00225505704948
1.266965585228541 7.999946884887967 7.01028024334272
1.2678262955445931 7.999983950097621 7.004034212676066
1.2686870058606452 7.999981653485496 7.013742459726688
1.2695477161766973 7.999948475425204 7.062309719722497
1.270408426492749 7.9999346087986645 7.165428541258229
1.2712691368088012 7.999951650986798 7.121812203462119
1.272129847124853 7.9999627217902205 7.646035694689961
1.272990557440905 7.999942848003464 7.2100957026995385
1.2738512677569571 7.999916194546022 7.667516398413736
1.2747119780730092 7.999917209040899 7.451093744398831
1.275572688389061 7.9999548963229685 7.857570934053517
1.276433398705113 7.99993423138544 7.614181454536301
1.2772941090211651 7.999920318432549 7.570089990449073
1.2781548193372172 7.9999399337213175 7.878697324016009
1.2790155296532693 7.99996874883311 7.5725100670589915
1.279876239969321 7.999988177145377 7.972805267286506
1.2807369502853732 7.999988044407952 7.8430545390055855
1.281597660601425 7.9999747044987375 7.84480997699327
1.282458370917477 7.999962300474624 7.664541135199172
1.2833190812335291 7.999960334737716 7.911362629977895
1.2841797915495812 7.999968019456393 7.995205999790688
1.2850405018656332 7.99997764242745 7.985254408695516
1.285901212181685 7.999982051427608 7.984599423854273
1.2867619224977371 7.999979797968131 7.786884697777015
1.2876226328137892 7.9999748064861205 7.855950191584781
1.2884833431298413 7.99997201815438 7.9714063852141654
1.289344053445893 7.999972963739259 7.999571254564371
1.290204763761945 7.999974559076784 7.949484591371735
1.291065474077997 7.999971730529085 7.982978299997424
1.291926184394049 7.999961830764866 7.973747815073805
1.292786894710101 7.999947759621812 7.993580765029926
1.2936476050261532 7.999937475664455 7.993256681232975
1.294508315342205 7.999969736149702 7.995191791243752
1.295369025658257 7.999985966627322 7.991583959796677
1.2962297359743091 7.999982168587455 7.999172146102993
1.2970904462903612 7.999966709860504 7.999168421580026
1.297951156606413 7.999959038172006 7.999525954713846
1.298811866922465 7.999957057362366 7.996359311304258
1.299672577238517 7.999962468988297 7.998591505214294
1.300533287554569 7.999972836530847 7.999162722151682
1.301393997870621 7.99998386264835 7.999509225824087
1.302254708186673 7.999991599306578 7.9995707663450375
1.303115418502725 7.999994019880495 7.999250528343607
1.303976128818777 7.99999148977781 7.999803184371568
1.304836839134829 7.999986173926622 7.99977187895646
1.3056975494508811 7.999980823370615 7.999265039792552
1.3065582597669332 7.999977540461049 7.99952413845759
1.307418970082985 7.999977021295122 7.9994458387909235
1.308279680399037 7.999978502343013 7.998955612141671
1.309140390715089 7.9999803265113725 7.999241527447526
1.310001101031141 7.9999808107380135 7.99833797677999
1.310861811347193 7.999979009104104 7.999799617286
1.311722521663245 7.99997501472254 7.999502360225673
1.3125832319792972 7.999969482901495 7.997019268852586
1.313443942295349 7.999959126577298 7.9942860296350675
1.314304652611401 7.99997552346746 7.997325334830826
1.3151653629274531 7.999978948517561 7.9985100338852835
1.3160260732435052 7.999975998255998 7.9999630952202905
1.316886783559557 7.999969646793297 7.9994889403459695
1.317747493875609 7.999972687840943 7.9994620216120715
1.318608204191661 7.9999765700436996 7.999446586964555
1.319468914507713 7.999981490125301 7.9999171187390115
