# t = 1
# W = 300
# L = 100
# xic = 1.1516471649044517
# plate_distance = 18.426354638471228
# E_dis = 0.015079644737231007
# E_img = 6.51241129102441
# omB0 = 0.37699111843077515
# iter_dis = 1
# Ncore = 5
arrE G0 GIMG
1.1309733552923253 5.999997475156135 6.000256815392418
1.1318340656083774 5.999996937482311 6.000033024277097
1.1326947759244295 5.999996264244132 6.000350745106561
1.1335554862404813 5.999995561595954 6.000415022238382
1.1344161965565334 5.999994925589531 6.0000886925643835
1.1352769068725854 5.999994431883985 6.022645778842771
1.1361376171886375 5.999994125188675 5.99999050288299
1.1369983275046895 5.999994007299196 5.99998471902813
1.1378590378207414 5.999994020505704 5.999969578908327
1.1387197481367934 5.99999402085316 5.999966247339316
1.1395804584528455 5.999993746548395 5.999970203742441
1.1404411687688973 5.999992863590951 5.99994572761834
1.1413018790849494 5.999991166248329 5.999944627293682
1.1421625894010015 5.9999911746800745 5.99988769896367
1.1430232997170533 5.999992287894826 5.9999416952670765
1.1438840100331054 5.999992805142475 5.999948549746835
1.1447447203491574 5.9999933994937775 5.9999581746974
1.1456054306652095 5.999994122604243 5.999975394483874
1.1464661409812615 5.9999949181163235 5.9999710248738
1.1473268512973134 5.99999570103496 5.999969888901112
1.1481875616133654 5.999996384024563 5.999974603831777
1.1490482719294175 5.999996895788857 5.9999698637036705
1.1499089822454693 5.999997208478026 5.999968776231944
1.1507696925615214 5.999997337149767 5.999970800613471
1.1516304028775735 5.999997279950291 5.999968795550163
1.1524911131936253 5.999996999977816 5.999966635866982
1.1533518235096774 5.999996471668936 5.99998661424914
1.1542125338257294 5.999995722031243 5.999969403647003
1.1550732441417815 5.999994881296865 5.999960753984271
1.1559339544578335 5.999994206062565 5.999951056051312
1.1567946647738854 5.999993848317953 5.99993901900011
1.1576553750899374 5.99999364433063 5.999929968087108
1.1585160854059895 5.999993395696909 5.999936629141877
1.1593767957220413 5.999993002465338 5.999892542038923
1.1602375060380934 5.9999921429194805 5.99992427061773
1.1610982163541452 5.999993252464829 5.999852598823341
1.1619589266701973 5.999994484342334 5.99997850966781
1.1628196369862493 5.999994351338403 5.999924831882491
1.1636803473023014 5.999994287138951 5.999910638891003
1.1645410576183535 5.999994431705485 5.9999583756596815
1.1654017679344053 5.999994462177939 5.999935650054121
1.1662624782504574 5.999994887671345 5.999926207947515
1.1671231885665094 5.999995309321338 5.999963783710984
1.1679838988825615 5.999995930872148 5.999932845523704
1.1688446091986133 5.999996463023155 5.9999514128912805
1.1697053195146654 5.999996991868225 5.999963829569377
1.1705660298307172 6.000133473061771 5.999983258280446
1.1714267401467693 6.066979296035263 5.999944734314431
1.1722874504628213 6.466564500539964 5.999939931923189
1.1731481607788734 7.033976697558325 5.999905191820369
1.1740088710949255 6.994111782636089 5.999881627219556
1.1748695814109773 7.021812622176052 5.999864283240071
1.1757302917270294 7.0235444148363735 5.999947559171014
1.1765910020430814 6.999867791484225 5.999885706531417
1.1774517123591333 6.99987652505927 5.999921399429847
1.1783124226751853 6.999842004548367 5.999648330942493
1.1791731329912374 6.999817514063754 5.999435365735361
1.1800338433072892 6.999929575424997 5.999611318768893
1.1808945536233413 6.999828758093386 5.9998949826470716
1.1817552639393933 6.99993982183237 5.99972904458937
1.1826159742554454 6.999888501593493 5.999891849404845
1.1834766845714975 6.999976727232538 5.9998307502209185
1.1843373948875493 6.999954144307229 5.999817123610092
1.1851981052036014 6.999907742455343 5.999821448372427
1.1860588155196534 6.999962479584387 5.9998403312718445
1.1869195258357053 6.999966563510347 5.999872591613972
1.1877802361517573 6.99994695604316 6.000067689923041
1.1886409464678092 6.999969766094882 5.999981801617624
1.1895016567838612 6.999973169452633 5.999829430912984
1.1903623670999133 6.999941401061621 5.999830002878394
1.1912230774159653 6.999940390812472 5.999826554315332
1.1920837877320174 6.999978648182874 5.999890489243592
1.1929444980480692 6.999995302719376 5.9998642667282285
1.1938052083641213 6.9999679493777025 6.001376209672362
1.1946659186801734 6.9999403716895054 5.999884050293906
1.1955266289962254 6.999946779624224 5.999835919257856
1.1963873393122773 6.999964792963712 5.999965642973427
1.1972480496283293 6.99995658245276 5.999945175219872
1.1981087599443812 6.999925053329394 5.99976686224232
1.1989694702604332 6.999918546141419 5.999817275276331
1.1998301805764853 6.99996258193643 6.000031413381744
1.2006908908925373 6.999955702466291 6.000461702134356
1.2015516012085894 6.99993753070613 6.000434866155346
1.2024123115246412 6.999941069735606 6.0005350165731235
1.2032730218406933 6.999965530451242 5.9999502556367865
1.2041337321567454 6.999990104356101 6.000011776658525
1.2049944424727974 6.999997637162573 6.0001123168223724
1.2058551527888492 6.999987733014289 5.999974871139708
1.2067158631049013 6.999972778181367 6.0001933769818665
1.2075765734209531 6.999965314261186 6.001347370358854
1.2084372837370052 6.999968829945209 6.000114363711475
1.2092979940530573 6.999977746323933 6.000386774668447
1.2101587043691093 6.999984013405899 6.00459561150608
1.2110194146851614 6.999983765683275 6.000183164631565
1.2118801250012132 6.999979200705175 6.000176813738215
1.2127408353172653 6.999975402294119 5.999990211280941
1.2136015456333173 6.999975437022657 5.999992244616883
1.2144622559493692 6.999977622565788 5.999991430638818
1.2153229662654212 6.999976790004133 5.999996089625837
1.216183676581473 6.9999685937796 5.999985979037597
1.2170443868975251 6.999954041071466 5.99999398497667
1.2179050972135772 6.99994485359051 5.999986873811807
1.2187658075296293 6.999954783962299 5.999991589310205
1.2196265178456813 6.99998724353105 5.999995747473653
1.2204872281617332 6.999991146686673 5.999993379365901
1.2213479384777852 6.999983609036767 5.999993087506611
1.2222086487938373 6.9999735494627195 5.999995873392247
1.2230693591098893 6.999967588526466 5.999997588433258
1.2239300694259412 6.999968591358776 5.9999969821223145
1.2247907797419932 6.999975520861528 5.999996031360113
1.225651490058045 6.999984818875108 5.999996351166145
1.2265122003740971 6.9999924631789705 5.999997743670501
1.2273729106901492 6.999995742961231 6.000120662444075
1.2282336210062013 6.999994168730116 6.026274151220493
1.2290943313222533 6.999989302356995 6.108919391761022
1.2299550416383054 6.999983766995037 6.1243079009168415
1.2308157519543572 6.9999800294115895 6.762214756569506
1.2316764622704093 6.999979388725303 6.104202960468318
1.2325371725864613 6.999981368214935 6.43629761042674
1.2333978829025132 6.999984105865951 6.5754189547941175
1.2342585932185652 6.999985512079082 6.757699679814947
1.235119303534617 6.999984154304832 6.79765096955797
1.2359800138506691 6.999979487149914 6.8728383369440404
1.2368407241667212 6.999973643310475 6.6704734388423965
1.2377014344827733 6.999966371955991 6.399625414077953
1.2385621447988253 6.999972492633076 6.725201865087739
1.2394228551148772 6.999980275052302 6.634152555214776
1.2402835654309292 6.999982477986619 6.362817521885572
1.2411442757469813 6.999982571517995 6.571513151051362
1.2420049860630333 6.999982790977335 6.961025677185053
1.2428656963790852 6.9999839075738794 6.625914039098198
1.2437264066951372 6.999986444171914 6.78397796194229
1.244587117011189 6.99998968752543 6.9096250271326785
1.2454478273272411 6.999994068918121 6.528312695556218
1.2463085376432932 7.003862401632022 6.543260201948537
1.2471692479593453 7.422839708636334 6.867528293135469
1.248029958275397 7.9320869500520335 6.858248067213049
1.2488906685914491 8.115885153486778 6.819595336547182
1.2497513789075012 8.067594868719949 6.9733640615032115
1.2506120892235533 8.087694367507758 6.852720451096764
1.2514727995396053 8.000020050272143 6.826427120758566
1.2523335098556572 7.999944293876797 6.961148301964658
1.253194220171709 7.9999418419549695 6.856327359632049
1.254054930487761 7.999936317413529 6.83940461906811
1.2549156408038131 7.999736464590393 6.977758766107681
1.2557763511198652 7.999924123990558 6.935984297170649
1.2566370614359172 7.99986926542773 6.954720393896191
1.2574977717519693 7.999894833122516 6.954142732163888
1.2583584820680211 7.999885781270165 6.791732675323174
1.2592191923840732 7.999970593508323 6.824885178493861
1.2600799027001253 7.9999076001259475 6.954768215318178
1.260940613016177 7.99991825120673 6.8858002305435715
1.2618013233322292 7.999970223976057 6.904106226464166
1.262662033648281 7.999952434014687 6.92574663509885
1.263522743964333 7.999950675488344 6.798064177968318
1.2643834542803851 7.999973941936421 6.825128228848132
1.2652441645964372 7.999956432994019 6.970257593056803
1.2661048749124892 7.999928115002432 6.975239574971259
1.266965585228541 7.999946884887967 6.982299139895744
1.2678262955445931 7.999983950097621 6.983369020497618
1.2686870058606452 7.999981653485496 6.928097957028851
1.2695477161766973 7.999948475425204 6.968384215694367
1.270408426492749 7.9999346087986645 6.979296252223938
1.2712691368088012 7.999951650986798 6.93969151685698
1.272129847124853 7.9999627217902205 6.9892963511114194
1.272990557440905 7.999942848003464 6.974451860243502
1.2738512677569571 7.999916194546022 6.956347260369756
1.2747119780730092 7.999917209040899 6.999495830857789
1.275572688389061 7.9999548963229685 6.9521542366371945
1.276433398705113 7.99993423138544 6.963311611021215
1.2772941090211651 7.999920318432549 6.963594589372284
1.2781548193372172 7.9999399337213175 6.935595690364243
1.2790155296532693 7.99996874883311 6.993881330497393
1.279876239969321 7.999988177145377 6.932720906655573
1.2807369502853732 7.999988044407952 6.91548232569398
1.281597660601425 7.9999747044987375 6.9933801510056925
1.282458370917477 7.999962300474624 6.988720790911924
1.2833190812335291 7.999960334737716 6.9984873677147394
1.2841797915495812 7.999968019456393 6.978142521707
1.2850405018656332 7.99997764242745 6.972335997415812
1.285901212181685 7.999982051427608 6.9923420726288255
1.2867619224977371 7.999979797968131 6.973489602767173
1.2876226328137892 7.9999748064861205 6.986660398085831
1.2884833431298413 7.99997201815438 6.976887468987001
1.289344053445893 7.999972963739259 6.97654239974246
1.290204763761945 7.999974559076784 6.999856948279258
1.291065474077997 7.999971730529085 6.9794224980881525
1.291926184394049 7.999961830764866 6.9934672629734695
1.292786894710101 7.999947759621812 6.99272978962868
1.2936476050261532 7.999937475664455 6.985705616639806
1.294508315342205 7.999969736149702 6.999889172148213
1.295369025658257 7.999985966627322 6.996282542373047
1.2962297359743091 7.999982168587455 6.999820046974697
1.2970904462903612 7.999966709860504 6.998104484658543
1.297951156606413 7.999959038172006 6.998725515662075
1.298811866922465 7.999957057362366 6.9971537562005945
1.299672577238517 7.999962468988297 6.999758929303337
1.300533287554569 7.999972836530847 6.998243229848602
1.301393997870621 7.99998386264835 6.9999043289449245
1.302254708186673 7.999991599306578 6.998595485617891
1.303115418502725 7.999994019880495 7.056012784507299
1.303976128818777 7.99999148977781 7.231707686145869
1.304836839134829 7.999986173926622 7.801793611418941
1.3056975494508811 7.999980823370615 7.161881717798688
1.3065582597669332 7.999977540461049 7.207251151385779
1.307418970082985 7.999977021295122 7.131326696280102
1.308279680399037 7.999978502343013 7.9722432189557315
1.309140390715089 7.9999803265113725 7.508731402657986
1.310001101031141 7.9999808107380135 7.968172683095173
1.310861811347193 7.999979009104104 7.721384573804531
1.311722521663245 7.99997501472254 7.9779889411162745
1.3125832319792972 7.999969482901495 7.480314104226717
1.313443942295349 7.999959126577298 7.453946052476423
1.314304652611401 7.99997552346746 7.8965300506153575
1.3151653629274531 7.999978948517561 7.453839417288759
1.3160260732435052 7.999975998255998 7.3869625107261045
1.316886783559557 7.999969646793297 7.80817989709075
1.317747493875609 7.999972687840943 7.798553334374465
1.318608204191661 7.9999765700436996 7.624247273462008
1.319468914507713 7.999981490125301 7.944681279347995
