# Data file for U(x)
# mu = 28.889405562491817
# omB = 10.56
# Columns:
# 1) x
# 2) U(x)
# 
-9.99900000e+02 3.02898429e+04
-9.99099760e+02 2.89000770e+04
-9.98299520e+02 2.81134390e+04
-9.97499280e+02 2.74933442e+04
-9.96699040e+02 2.69636691e+04
-9.95898800e+02 2.64934664e+04
-9.95098559e+02 2.60662896e+04
-9.94298319e+02 2.56720875e+04
-9.93498079e+02 2.53041697e+04
-9.92697839e+02 2.49578168e+04
-9.91897599e+02 2.46295557e+04
-9.91097359e+02 2.43167448e+04
-9.90297119e+02 2.40173207e+04
-9.89496879e+02 2.37296359e+04
-9.88696639e+02 2.34523508e+04
-9.87896399e+02 2.31843584e+04
-9.87096158e+02 2.29247318e+04
-9.86295918e+02 2.26726854e+04
-9.85495678e+02 2.24275464e+04
-9.84695438e+02 2.21887335e+04
-9.83895198e+02 2.19557401e+04
-9.83094958e+02 2.17281214e+04
-9.82294718e+02 2.15054845e+04
-9.81494478e+02 2.12874800e+04
-9.80694238e+02 2.10737956e+04
-9.79893998e+02 2.08641507e+04
-9.79093758e+02 2.06582919e+04
-9.78293517e+02 2.04559898e+04
-9.77493277e+02 2.02570353e+04
-9.76693037e+02 2.00612375e+04
-9.75892797e+02 1.98684214e+04
-9.75092557e+02 1.96784260e+04
-9.74292317e+02 1.94911028e+04
-9.73492077e+02 1.93063143e+04
-9.72691837e+02 1.91239331e+04
-9.71891597e+02 1.89438406e+04
-9.71091357e+02 1.87659262e+04
-9.70291116e+02 1.85900864e+04
-9.69490876e+02 1.84162243e+04
-9.68690636e+02 1.82442491e+04
-9.67890396e+02 1.80740750e+04
-9.67090156e+02 1.79056214e+04
-9.66289916e+02 1.77388120e+04
-9.65489676e+02 1.75735745e+04
-9.64689436e+02 1.74098404e+04
-9.63889196e+02 1.72475446e+04
-9.63088956e+02 1.70866252e+04
-9.62288715e+02 1.69270229e+04
-9.61488475e+02 1.67686814e+04
-9.60688235e+02 1.66115465e+04
-9.59887995e+02 1.64555664e+04
-9.59087755e+02 1.63006913e+04
-9.58287515e+02 1.61468732e+04
-9.57487275e+02 1.59940660e+04
-9.56687035e+02 1.58422249e+04
-9.55886795e+02 1.56913070e+04
-9.55086555e+02 1.55412703e+04
-9.54286315e+02 1.53920742e+04
-9.53486074e+02 1.52436793e+04
-9.52685834e+02 1.50960471e+04
-9.51885594e+02 1.49491400e+04
-9.51085354e+02 1.48029214e+04
-9.50285114e+02 1.46573551e+04
-9.49484874e+02 1.45124060e+04
-9.48684634e+02 1.43680393e+04
-9.47884394e+02 1.42242207e+04
-9.47084154e+02 1.40809164e+04
-9.46283914e+02 1.39380930e+04
-9.45483673e+02 1.37957173e+04
-9.44683433e+02 1.36537563e+04
-9.43883193e+02 1.35121772e+04
-9.43082953e+02 1.33709472e+04
-9.42282713e+02 1.32300336e+04
-9.41482473e+02 1.30894035e+04
-9.40682233e+02 1.29490239e+04
-9.39881993e+02 1.28088615e+04
-9.39081753e+02 1.26688828e+04
-9.38281513e+02 1.25290538e+04
-9.37481273e+02 1.23893401e+04
-9.36681032e+02 1.22497066e+04
-9.35880792e+02 1.21101176e+04
-9.35080552e+02 1.19705367e+04
-9.34280312e+02 1.18309264e+04
-9.33480072e+02 1.16912483e+04
-9.32679832e+02 1.15514628e+04
-9.31879592e+02 1.14115292e+04
-9.31079352e+02 1.12714051e+04
-9.30279112e+02 1.11310466e+04
-9.29478872e+02 1.09904079e+04
-9.28678631e+02 1.08494414e+04
-9.27878391e+02 1.07080970e+04
-9.27078151e+02 1.05663223e+04
-9.26277911e+02 1.04240620e+04
-9.25477671e+02 1.02812576e+04
-9.24677431e+02 1.01378472e+04
-9.23877191e+02 9.99376506e+03
-9.23076951e+02 9.84894088e+03
-9.22276711e+02 9.70329947e+03
-9.21476471e+02 9.55676001e+03
-9.20676230e+02 9.40923535e+03
-9.19875990e+02 9.26063109e+03
-9.19075750e+02 9.11084459e+03
-9.18275510e+02 8.95976372e+03
-9.17475270e+02 8.80726543e+03
-9.16675030e+02 8.65321401e+03
-9.15874790e+02 8.49745898e+03
-9.15074550e+02 8.33983260e+03
-9.14274310e+02 8.18014687e+03
-9.13474070e+02 8.01818991e+03
-9.12673830e+02 7.85372190e+03
-9.11873589e+02 7.68647058e+03
-9.11073349e+02 7.51612717e+03
-9.10273109e+02 7.34234409e+03
-9.09472869e+02 7.16473814e+03
-9.08672629e+02 6.98290625e+03
-9.07872389e+02 6.79646818e+03
-9.07072149e+02 6.60516276e+03
-9.06271909e+02 6.40904491e+03
-9.05471669e+02 6.20885971e+03
-9.04671429e+02 6.00669798e+03
-9.03871188e+02 5.80702331e+03
-9.03070948e+02 5.61797312e+03
-9.02270708e+02 5.45217347e+03
-9.01470468e+02 5.32478234e+03
-9.00670228e+02 5.24491130e+03
-8.99869988e+02 5.20084127e+03
-8.99069748e+02 5.15593216e+03
-8.98269508e+02 5.07291163e+03
-8.97469268e+02 4.94061213e+03
-8.96669028e+02 4.77173362e+03
-8.95868788e+02 4.58606894e+03
-8.95068547e+02 4.39966544e+03
-8.94268307e+02 4.22219967e+03
-8.93468067e+02 4.05816131e+03
-8.92667827e+02 3.90877175e+03
-8.91867587e+02 3.77351371e+03
-8.91067347e+02 3.65110257e+03
-8.90267107e+02 3.54002561e+03
-8.89466867e+02 3.43880777e+03
-8.88666627e+02 3.34612314e+03
-8.87866387e+02 3.26082659e+03
-8.87066146e+02 3.18194840e+03
-8.86265906e+02 3.10867411e+03
-8.85465666e+02 3.04032072e+03
-8.84665426e+02 2.97631408e+03
-8.83865186e+02 2.91616925e+03
-8.83064946e+02 2.85947430e+03
-8.82264706e+02 2.80587701e+03
-8.81464466e+02 2.75507435e+03
-8.80664226e+02 2.70680393e+03
-8.79863986e+02 2.66083726e+03
-8.79063745e+02 2.61697424e+03
-8.78263505e+02 2.57503872e+03
-8.77463265e+02 2.53487493e+03
-8.76663025e+02 2.49634449e+03
-8.75862785e+02 2.45932397e+03
-8.75062545e+02 2.42370287e+03
-8.74262305e+02 2.38938188e+03
-8.73462065e+02 2.35627152e+03
-8.72661825e+02 2.32429083e+03
-8.71861585e+02 2.29336642e+03
-8.71061345e+02 2.26343156e+03
-8.70261104e+02 2.23442539e+03
-8.69460864e+02 2.20629229e+03
-8.68660624e+02 2.17898134e+03
-8.67860384e+02 2.15244578e+03
-8.67060144e+02 2.12664257e+03
-8.66259904e+02 2.10153208e+03
-8.65459664e+02 2.07707769e+03
-8.64659424e+02 2.05324552e+03
-8.63859184e+02 2.03000418e+03
-8.63058944e+02 2.00732452e+03
-8.62258703e+02 1.98517946e+03
-8.61458463e+02 1.96354375e+03
-8.60658223e+02 1.94239388e+03
-8.59857983e+02 1.92170787e+03
-8.59057743e+02 1.90146519e+03
-8.58257503e+02 1.88164659e+03
-8.57457263e+02 1.86223406e+03
-8.56657023e+02 1.84321066e+03
-8.55856783e+02 1.82456048e+03
-8.55056543e+02 1.80626859e+03
-8.54256303e+02 1.78832087e+03
-8.53456062e+02 1.77070406e+03
-8.52655822e+02 1.75340561e+03
-8.51855582e+02 1.73641369e+03
-8.51055342e+02 1.71971711e+03
-8.50255102e+02 1.70330527e+03
-8.49454862e+02 1.68716813e+03
-8.48654622e+02 1.67129619e+03
-8.47854382e+02 1.65568041e+03
-8.47054142e+02 1.64031222e+03
-8.46253902e+02 1.62518347e+03
-8.45453661e+02 1.61028643e+03
-8.44653421e+02 1.59561371e+03
-8.43853181e+02 1.58115829e+03
-8.43052941e+02 1.56691347e+03
-8.42252701e+02 1.55287286e+03
-8.41452461e+02 1.53903038e+03
-8.40652221e+02 1.52538020e+03
-8.39851981e+02 1.51191676e+03
-8.39051741e+02 1.49863473e+03
-8.38251501e+02 1.48552902e+03
-8.37451261e+02 1.47259477e+03
-8.36651020e+02 1.45982729e+03
-8.35850780e+02 1.44722213e+03
-8.35050540e+02 1.43477497e+03
-8.34250300e+02 1.42248172e+03
-8.33450060e+02 1.41033840e+03
-8.32649820e+02 1.39834123e+03
-8.31849580e+02 1.38648655e+03
-8.31049340e+02 1.37477086e+03
-8.30249100e+02 1.36319077e+03
-8.29448860e+02 1.35174305e+03
-8.28648619e+02 1.34042457e+03
-8.27848379e+02 1.32923230e+03
-8.27048139e+02 1.31816336e+03
-8.26247899e+02 1.30721493e+03
-8.25447659e+02 1.29638433e+03
-8.24647419e+02 1.28566895e+03
-8.23847179e+02 1.27506627e+03
-8.23046939e+02 1.26457387e+03
-8.22246699e+02 1.25418940e+03
-8.21446459e+02 1.24391059e+03
-8.20646218e+02 1.23373527e+03
-8.19845978e+02 1.22366131e+03
-8.19045738e+02 1.21368666e+03
-8.18245498e+02 1.20380933e+03
-8.17445258e+02 1.19402742e+03
-8.16645018e+02 1.18433906e+03
-8.15844778e+02 1.17474246e+03
-8.15044538e+02 1.16523586e+03
-8.14244298e+02 1.15581758e+03
-8.13444058e+02 1.14648598e+03
-8.12643818e+02 1.13723947e+03
-8.11843577e+02 1.12807651e+03
-8.11043337e+02 1.11899560e+03
-8.10243097e+02 1.10999529e+03
-8.09442857e+02 1.10107417e+03
-8.08642617e+02 1.09223086e+03
-8.07842377e+02 1.08346405e+03
-8.07042137e+02 1.07477244e+03
-8.06241897e+02 1.06615476e+03
-8.05441657e+02 1.05760981e+03
-8.04641417e+02 1.04913638e+03
-8.03841176e+02 1.04073332e+03
-8.03040936e+02 1.03239952e+03
-8.02240696e+02 1.02413387e+03
-8.01440456e+02 1.01593532e+03
-8.00640216e+02 1.00780281e+03
-7.99839976e+02 9.99735356e+02
-7.99039736e+02 9.91731958e+02
-7.98239496e+02 9.83791661e+02
-7.97439256e+02 9.75913534e+02
-7.96639016e+02 9.68096664e+02
-7.95838776e+02 9.60340166e+02
-7.95038535e+02 9.52643174e+02
-7.94238295e+02 9.45004843e+02
-7.93438055e+02 9.37424353e+02
-7.92637815e+02 9.29900898e+02
-7.91837575e+02 9.22433697e+02
-7.91037335e+02 9.15021984e+02
-7.90237095e+02 9.07665013e+02
-7.89436855e+02 9.00362055e+02
-7.88636615e+02 8.93112399e+02
-7.87836375e+02 8.85915349e+02
-7.87036134e+02 8.78770226e+02
-7.86235894e+02 8.71676368e+02
-7.85435654e+02 8.64633126e+02
-7.84635414e+02 8.57639866e+02
-7.83835174e+02 8.50695969e+02
-7.83034934e+02 8.43800830e+02
-7.82234694e+02 8.36953857e+02
-7.81434454e+02 8.30154470e+02
-7.80634214e+02 8.23402105e+02
-7.79833974e+02 8.16696206e+02
-7.79033733e+02 8.10036232e+02
-7.78233493e+02 8.03421653e+02
-7.77433253e+02 7.96851950e+02
-7.76633013e+02 7.90326615e+02
-7.75832773e+02 7.83845150e+02
-7.75032533e+02 7.77407070e+02
-7.74232293e+02 7.71011897e+02
-7.73432053e+02 7.64659164e+02
-7.72631813e+02 7.58348415e+02
-7.71831573e+02 7.52079202e+02
-7.71031333e+02 7.45851086e+02
-7.70231092e+02 7.39663637e+02
-7.69430852e+02 7.33516434e+02
-7.68630612e+02 7.27409065e+02
-7.67830372e+02 7.21341125e+02
-7.67030132e+02 7.15312217e+02
-7.66229892e+02 7.09321953e+02
-7.65429652e+02 7.03369952e+02
-7.64629412e+02 6.97455840e+02
-7.63829172e+02 6.91579251e+02
-7.63028932e+02 6.85739825e+02
-7.62228691e+02 6.79937210e+02
-7.61428451e+02 6.74171060e+02
-7.60628211e+02 6.68441037e+02
-7.59827971e+02 6.62746806e+02
-7.59027731e+02 6.57088043e+02
-7.58227491e+02 6.51464426e+02
-7.57427251e+02 6.45875641e+02
-7.56627011e+02 6.40321380e+02
-7.55826771e+02 6.34801339e+02
-7.55026531e+02 6.29315222e+02
-7.54226291e+02 6.23862737e+02
-7.53426050e+02 6.18443596e+02
-7.52625810e+02 6.13057520e+02
-7.51825570e+02 6.07704231e+02
-7.51025330e+02 6.02383458e+02
-7.50225090e+02 5.97094936e+02
-7.49424850e+02 5.91838402e+02
-7.48624610e+02 5.86613599e+02
-7.47824370e+02 5.81420276e+02
-7.47024130e+02 5.76258184e+02
-7.46223890e+02 5.71127080e+02
-7.45423649e+02 5.66026725e+02
-7.44623409e+02 5.60956883e+02
-7.43823169e+02 5.55917323e+02
-7.43022929e+02 5.50907820e+02
-7.42222689e+02 5.45928149e+02
-7.41422449e+02 5.40978092e+02
-7.40622209e+02 5.36057433e+02
-7.39821969e+02 5.31165961e+02
-7.39021729e+02 5.26303468e+02
-7.38221489e+02 5.21469749e+02
-7.37421248e+02 5.16664605e+02
-7.36621008e+02 5.11887836e+02
-7.35820768e+02 5.07139250e+02
-7.35020528e+02 5.02418655e+02
-7.34220288e+02 4.97725864e+02
-7.33420048e+02 4.93060692e+02
-7.32619808e+02 4.88422959e+02
-7.31819568e+02 4.83812486e+02
-7.31019328e+02 4.79229098e+02
-7.30219088e+02 4.74672624e+02
-7.29418848e+02 4.70142893e+02
-7.28618607e+02 4.65639739e+02
-7.27818367e+02 4.61162999e+02
-7.27018127e+02 4.56712512e+02
-7.26217887e+02 4.52288120e+02
-7.25417647e+02 4.47889667e+02
-7.24617407e+02 4.43517001e+02
-7.23817167e+02 4.39169971e+02
-7.23016927e+02 4.34848430e+02
-7.22216687e+02 4.30552232e+02
-7.21416447e+02 4.26281235e+02
-7.20616206e+02 4.22035298e+02
-7.19815966e+02 4.17814284e+02
-7.19015726e+02 4.13618056e+02
-7.18215486e+02 4.09446482e+02
-7.17415246e+02 4.05299430e+02
-7.16615006e+02 4.01176772e+02
-7.15814766e+02 3.97078380e+02
-7.15014526e+02 3.93004132e+02
-7.14214286e+02 3.88953903e+02
-7.13414046e+02 3.84927575e+02
-7.12613806e+02 3.80925029e+02
-7.11813565e+02 3.76946149e+02
-7.11013325e+02 3.72990821e+02
-7.10213085e+02 3.69058933e+02
-7.09412845e+02 3.65150375e+02
-7.08612605e+02 3.61265039e+02
-7.07812365e+02 3.57402818e+02
-7.07012125e+02 3.53563609e+02
-7.06211885e+02 3.49747309e+02
-7.05411645e+02 3.45953818e+02
-7.04611405e+02 3.42183037e+02
-7.03811164e+02 3.38434868e+02
-7.03010924e+02 3.34709218e+02
-7.02210684e+02 3.31005992e+02
-7.01410444e+02 3.27325099e+02
-7.00610204e+02 3.23666448e+02
-6.99809964e+02 3.20029953e+02
-6.99009724e+02 3.16415527e+02
-6.98209484e+02 3.12823084e+02
-6.97409244e+02 3.09252542e+02
-6.96609004e+02 3.05703820e+02
-6.95808764e+02 3.02176836e+02
-6.95008523e+02 2.98671514e+02
-6.94208283e+02 2.95187777e+02
-6.93408043e+02 2.91725550e+02
-6.92607803e+02 2.88284758e+02
-6.91807563e+02 2.84865332e+02
-6.91007323e+02 2.81467200e+02
-6.90207083e+02 2.78090293e+02
-6.89406843e+02 2.74734545e+02
-6.88606603e+02 2.71399889e+02
-6.87806363e+02 2.68086262e+02
-6.87006122e+02 2.64793601e+02
-6.86205882e+02 2.61521846e+02
-6.85405642e+02 2.58270935e+02
-6.84605402e+02 2.55040812e+02
-6.83805162e+02 2.51831420e+02
-6.83004922e+02 2.48642703e+02
-6.82204682e+02 2.45474608e+02
-6.81404442e+02 2.42327082e+02
-6.80604202e+02 2.39200076e+02
-6.79803962e+02 2.36093540e+02
-6.79003721e+02 2.33007425e+02
-6.78203481e+02 2.29941686e+02
-6.77403241e+02 2.26896278e+02
-6.76603001e+02 2.23871158e+02
-6.75802761e+02 2.20866283e+02
-6.75002521e+02 2.17881613e+02
-6.74202281e+02 2.14917109e+02
-6.73402041e+02 2.11972734e+02
-6.72601801e+02 2.09048451e+02
-6.71801561e+02 2.06144226e+02
-6.71001321e+02 2.03260027e+02
-6.70201080e+02 2.00395820e+02
-6.69400840e+02 1.97551577e+02
-6.68600600e+02 1.94727268e+02
-6.67800360e+02 1.91922867e+02
-6.67000120e+02 1.89138347e+02
-6.66199880e+02 1.86373686e+02
-6.65399640e+02 1.83628860e+02
-6.64599400e+02 1.80903848e+02
-6.63799160e+02 1.78198631e+02
-6.62998920e+02 1.75513191e+02
-6.62198679e+02 1.72847513e+02
-6.61398439e+02 1.70201580e+02
-6.60598199e+02 1.67575381e+02
-6.59797959e+02 1.64968904e+02
-6.58997719e+02 1.62382139e+02
-6.58197479e+02 1.59815078e+02
-6.57397239e+02 1.57267715e+02
-6.56596999e+02 1.54740046e+02
-6.55796759e+02 1.52232067e+02
-6.54996519e+02 1.49743777e+02
-6.54196279e+02 1.47275178e+02
-6.53396038e+02 1.44826271e+02
-6.52595798e+02 1.42397062e+02
-6.51795558e+02 1.39987557e+02
-6.50995318e+02 1.37597763e+02
-6.50195078e+02 1.35227692e+02
-6.49394838e+02 1.32877355e+02
-6.48594598e+02 1.30546768e+02
-6.47794358e+02 1.28235945e+02
-6.46994118e+02 1.25944907e+02
-6.46193878e+02 1.23673674e+02
-6.45393637e+02 1.21422268e+02
-6.44593397e+02 1.19190716e+02
-6.43793157e+02 1.16979046e+02
-6.42992917e+02 1.14787286e+02
-6.42192677e+02 1.12615471e+02
-6.41392437e+02 1.10463635e+02
-6.40592197e+02 1.08331816e+02
-6.39791957e+02 1.06220055e+02
-6.38991717e+02 1.04128396e+02
-6.38191477e+02 1.02056885e+02
-6.37391236e+02 1.00005571e+02
-6.36590996e+02 9.79745065e+01
-6.35790756e+02 9.59637477e+01
-6.34990516e+02 9.39733534e+01
-6.34190276e+02 9.20033861e+01
-6.33390036e+02 9.00539121e+01
-6.32589796e+02 8.81250010e+01
-6.31789556e+02 8.62167266e+01
-6.30989316e+02 8.43291665e+01
-6.30189076e+02 8.24624030e+01
-6.29388836e+02 8.06165222e+01
-6.28588595e+02 7.87916151e+01
-6.27788355e+02 7.69877776e+01
-6.26988115e+02 7.52051105e+01
-6.26187875e+02 7.34437202e+01
-6.25387635e+02 7.17037181e+01
-6.24587395e+02 6.99852221e+01
-6.23787155e+02 6.82883559e+01
-6.22986915e+02 6.66132499e+01
-6.22186675e+02 6.49600413e+01
-6.21386435e+02 6.33288749e+01
-6.20586194e+02 6.17199031e+01
-6.19785954e+02 6.01332865e+01
-6.18985714e+02 5.85691947e+01
-6.18185474e+02 5.70278067e+01
-6.17385234e+02 5.55093116e+01
-6.16584994e+02 5.40139094e+01
-6.15784754e+02 5.25418117e+01
-6.14984514e+02 5.10932425e+01
-6.14184274e+02 4.96684399e+01
-6.13384034e+02 4.82676566e+01
-6.12583794e+02 4.68911611e+01
-6.11783553e+02 4.55392399e+01
-6.10983313e+02 4.42121988e+01
-6.10183073e+02 4.29103647e+01
-6.09382833e+02 4.16340883e+01
-6.08582593e+02 4.03837467e+01
-6.07782353e+02 3.91597460e+01
-6.06982113e+02 3.79625258e+01
-6.06181873e+02 3.67925631e+01
-6.05381633e+02 3.56503777e+01
-6.04581393e+02 3.45365386e+01
-6.03781152e+02 3.34516711e+01
-6.02980912e+02 3.23964657e+01
-6.02180672e+02 3.13716868e+01
-6.01380432e+02 3.03781796e+01
-6.00580192e+02 2.94168696e+01
-5.99779952e+02 2.84887367e+01
-5.98979712e+02 2.75947288e+01
-5.98179472e+02 2.67355223e+01
-5.97379232e+02 2.59109460e+01
-5.96578992e+02 2.51187876e+01
-5.95778752e+02 2.43531065e+01
-5.94978511e+02 2.36048616e+01
-5.94178271e+02 2.28703772e+01
-5.93378031e+02 2.21566855e+01
-5.92577791e+02 2.14713776e+01
-5.91777551e+02 2.08153737e+01
-5.90977311e+02 2.01832673e+01
-5.90177071e+02 1.95702345e+01
-5.89376831e+02 1.89782258e+01
-5.88576591e+02 1.84132604e+01
-5.87776351e+02 1.78802190e+01
-5.86976110e+02 1.73805038e+01
-5.86175870e+02 1.69123823e+01
-5.85375630e+02 1.64730854e+01
-5.84575390e+02 1.60606547e+01
-5.83775150e+02 1.56740119e+01
-5.82974910e+02 1.53120347e+01
-5.82174670e+02 1.49729283e+01
-5.81374430e+02 1.46543670e+01
-5.80574190e+02 1.43542328e+01
-5.79773950e+02 1.40709136e+01
-5.78973709e+02 1.38029388e+01
-5.78173469e+02 1.35487768e+01
-5.77373229e+02 1.33070276e+01
-5.76572989e+02 1.30767277e+01
-5.75772749e+02 1.28574264e+01
-5.74972509e+02 1.26491766e+01
-5.74172269e+02 1.24525040e+01
-5.73372029e+02 1.22681382e+01
-5.72571789e+02 1.20966718e+01
-5.71771549e+02 1.19383348e+01
-5.70971309e+02 1.17928359e+01
-5.70171068e+02 1.16593376e+01
-5.69370828e+02 1.15366844e+01
-5.68570588e+02 1.14236736e+01
-5.67770348e+02 1.13192123e+01
-5.66970108e+02 1.12224260e+01
-5.66169868e+02 1.11327082e+01
-5.65369628e+02 1.10496326e+01
-5.64569388e+02 1.09728497e+01
-5.63769148e+02 1.09020630e+01
-5.62968908e+02 1.08369876e+01
-5.62168667e+02 1.07773084e+01
-5.61368427e+02 1.07227580e+01
-5.60568187e+02 1.06732333e+01
-5.59767947e+02 1.06287442e+01
-5.58967707e+02 1.05892946e+01
-5.58167467e+02 1.05548195e+01
-5.57367227e+02 1.05251400e+01
-5.56566987e+02 1.04999576e+01
-5.55766747e+02 1.04788944e+01
-5.54966507e+02 1.04615263e+01
-5.54166267e+02 1.04473889e+01
-5.53366026e+02 1.04359960e+01
-5.52565786e+02 1.04268657e+01
-5.51765546e+02 1.04194990e+01
-5.50965306e+02 1.04133744e+01
-5.50165066e+02 1.04080045e+01
-5.49364826e+02 1.04029860e+01
-5.48564586e+02 1.03980230e+01
-5.47764346e+02 1.03929754e+01
-5.46964106e+02 1.03879276e+01
-5.46163866e+02 1.03831702e+01
-5.45363625e+02 1.03790848e+01
-5.44563385e+02 1.03760324e+01
-5.43763145e+02 1.03742709e+01
-5.42962905e+02 1.03738838e+01
-5.42162665e+02 1.03747565e+01
-5.41362425e+02 1.03766430e+01
-5.40562185e+02 1.03792555e+01
-5.39761945e+02 1.03822981e+01
-5.38961705e+02 1.03854610e+01
-5.38161465e+02 1.03884497e+01
-5.37361224e+02 1.03910198e+01
-5.36560984e+02 1.03929749e+01
-5.35760744e+02 1.03941468e+01
-5.34960504e+02 1.03944001e+01
-5.34160264e+02 1.03936498e+01
-5.33360024e+02 1.03918512e+01
-5.32559784e+02 1.03889654e+01
-5.31759544e+02 1.03849381e+01
-5.30959304e+02 1.03797128e+01
-5.30159064e+02 1.03732538e+01
-5.29358824e+02 1.03655548e+01
-5.28558583e+02 1.03566373e+01
-5.27758343e+02 1.03465441e+01
-5.26958103e+02 1.03353295e+01
-5.26157863e+02 1.03230520e+01
-5.25357623e+02 1.03097721e+01
-5.24557383e+02 1.02955463e+01
-5.23757143e+02 1.02804251e+01
-5.22956903e+02 1.02644548e+01
-5.22156663e+02 1.02476757e+01
-5.21356423e+02 1.02301210e+01
-5.20556182e+02 1.02118175e+01
-5.19755942e+02 1.01927869e+01
-5.18955702e+02 1.01730458e+01
-5.18155462e+02 1.01526097e+01
-5.17355222e+02 1.01314948e+01
-5.16554982e+02 1.01097180e+01
-5.15754742e+02 1.00872951e+01
-5.14954502e+02 1.00642405e+01
-5.14154262e+02 1.00405674e+01
-5.13354022e+02 1.00162894e+01
-5.12553782e+02 9.99142054e+00
-5.11753541e+02 9.96597191e+00
-5.10953301e+02 9.93995118e+00
-5.10153061e+02 9.91336258e+00
-5.09352821e+02 9.88620861e+00
-5.08552581e+02 9.85848910e+00
-5.07752341e+02 9.83020037e+00
-5.06952101e+02 9.80133547e+00
-5.06151861e+02 9.77188597e+00
-5.05351621e+02 9.74184420e+00
-5.04551381e+02 9.71120482e+00
-5.03751140e+02 9.67996373e+00
-5.02950900e+02 9.64811595e+00
-5.02150660e+02 9.61565360e+00
-5.01350420e+02 9.58256562e+00
-5.00550180e+02 9.54883903e+00
-4.99749940e+02 9.51446000e+00
-4.98949700e+02 9.47941576e+00
-4.98149460e+02 9.44369222e+00
-4.97349220e+02 9.40727418e+00
-4.96548980e+02 9.37014646e+00
-4.95748739e+02 9.33229692e+00
-4.94948499e+02 9.29371806e+00
-4.94148259e+02 9.25440627e+00
-4.93348019e+02 9.21436147e+00
-4.92547779e+02 9.17358645e+00
-4.91747539e+02 9.13208796e+00
-4.90947299e+02 9.08987715e+00
-4.90147059e+02 9.04696720e+00
-4.89346819e+02 9.00336887e+00
-4.88546579e+02 8.95908609e+00
-4.87746339e+02 8.91411335e+00
-4.86946098e+02 8.86843734e+00
-4.86145858e+02 8.82204008e+00
-4.85345618e+02 8.77490275e+00
-4.84545378e+02 8.72700922e+00
-4.83745138e+02 8.67834964e+00
-4.82944898e+02 8.62892254e+00
-4.82144658e+02 8.57873685e+00
-4.81344418e+02 8.52781001e+00
-4.80544178e+02 8.47616424e+00
-4.79743938e+02 8.42382118e+00
-4.78943697e+02 8.37079891e+00
-4.78143457e+02 8.31710987e+00
-4.77343217e+02 8.26276066e+00
-4.76542977e+02 8.20775346e+00
-4.75742737e+02 8.15208763e+00
-4.74942497e+02 8.09576114e+00
-4.74142257e+02 8.03877373e+00
-4.73342017e+02 7.98112797e+00
-4.72541777e+02 7.92283177e+00
-4.71741537e+02 7.86389800e+00
-4.70941297e+02 7.80434295e+00
-4.70141056e+02 7.74418482e+00
-4.69340816e+02 7.68344124e+00
-4.68540576e+02 7.62212903e+00
-4.67740336e+02 7.56026350e+00
-4.66940096e+02 7.49785919e+00
-4.66139856e+02 7.43492941e+00
-4.65339616e+02 7.37148750e+00
-4.64539376e+02 7.30754673e+00
-4.63739136e+02 7.24312166e+00
-4.62938896e+02 7.17822923e+00
-4.62138655e+02 7.11289041e+00
-4.61338415e+02 7.04713118e+00
-4.60538175e+02 6.98098212e+00
-4.59737935e+02 6.91447799e+00
-4.58937695e+02 6.84765726e+00
-4.58137455e+02 6.78056141e+00
-4.57337215e+02 6.71323288e+00
-4.56536975e+02 6.64571237e+00
-4.55736735e+02 6.57803597e+00
-4.54936495e+02 6.51023397e+00
-4.54136255e+02 6.44233074e+00
-4.53336014e+02 6.37434517e+00
-4.52535774e+02 6.30629255e+00
-4.51735534e+02 6.23818692e+00
-4.50935294e+02 6.17004323e+00
-4.50135054e+02 6.10187938e+00
-4.49334814e+02 6.03371711e+00
-4.48534574e+02 5.96558195e+00
-4.47734334e+02 5.89750410e+00
-4.46934094e+02 5.82951791e+00
-4.46133854e+02 5.76166332e+00
-4.45333613e+02 5.69398435e+00
-4.44533373e+02 5.62652965e+00
-4.43733133e+02 5.55935102e+00
-4.42932893e+02 5.49250190e+00
-4.42132653e+02 5.42603552e+00
-4.41332413e+02 5.36000242e+00
-4.40532173e+02 5.29444913e+00
-4.39731933e+02 5.22941757e+00
-4.38931693e+02 5.16494573e+00
-4.38131453e+02 5.10106823e+00
-4.37331212e+02 5.03781768e+00
-4.36530972e+02 4.97522448e+00
-4.35730732e+02 4.91331797e+00
-4.34930492e+02 4.85212542e+00
-4.34130252e+02 4.79167318e+00
-4.33330012e+02 4.73198651e+00
-4.32529772e+02 4.67309050e+00
-4.31729532e+02 4.61501073e+00
-4.30929292e+02 4.55777276e+00
-4.30129052e+02 4.50140258e+00
-4.29328812e+02 4.44592568e+00
-4.28528571e+02 4.39136654e+00
-4.27728331e+02 4.33774953e+00
-4.26928091e+02 4.28509822e+00
-4.26127851e+02 4.23343521e+00
-4.25327611e+02 4.18278250e+00
-4.24527371e+02 4.13316051e+00
-4.23727131e+02 4.08458820e+00
-4.22926891e+02 4.03708178e+00
-4.22126651e+02 3.99065455e+00
-4.21326411e+02 3.94531646e+00
-4.20526170e+02 3.90107427e+00
-4.19725930e+02 3.85793263e+00
-4.18925690e+02 3.81589387e+00
-4.18125450e+02 3.77495830e+00
-4.17325210e+02 3.73512374e+00
-4.16524970e+02 3.69638619e+00
-4.15724730e+02 3.65873917e+00
-4.14924490e+02 3.62217478e+00
-4.14124250e+02 3.58668333e+00
-4.13324010e+02 3.55225369e+00
-4.12523770e+02 3.51887366e+00
-4.11723529e+02 3.48653033e+00
-4.10923289e+02 3.45520901e+00
-4.10123049e+02 3.42489469e+00
-4.09322809e+02 3.39557015e+00
-4.08522569e+02 3.36721612e+00
-4.07722329e+02 3.33981093e+00
-4.06922089e+02 3.31333059e+00
-4.06121849e+02 3.28774879e+00
-4.05321609e+02 3.26303728e+00
-4.04521369e+02 3.23916682e+00
-4.03721128e+02 3.21610628e+00
-4.02920888e+02 3.19382358e+00
-4.02120648e+02 3.17228532e+00
-4.01320408e+02 3.15145761e+00
-4.00520168e+02 3.13130736e+00
-3.99719928e+02 3.11180422e+00
-3.98919688e+02 3.09292090e+00
-3.98119448e+02 3.07463514e+00
-3.97319208e+02 3.05692983e+00
-3.96518968e+02 3.03979243e+00
-3.95718727e+02 3.02321395e+00
-3.94918487e+02 3.00718631e+00
-3.94118247e+02 2.99169897e+00
-3.93318007e+02 2.97673512e+00
-3.92517767e+02 2.96226964e+00
-3.91717527e+02 2.94826940e+00
-3.90917287e+02 2.93469524e+00
-3.90117047e+02 2.92150552e+00
-3.89316807e+02 2.90865936e+00
-3.88516567e+02 2.89611899e+00
-3.87716327e+02 2.88385217e+00
-3.86916086e+02 2.87183294e+00
-3.86115846e+02 2.86004259e+00
-3.85315606e+02 2.84846936e+00
-3.84515366e+02 2.83710902e+00
-3.83715126e+02 2.82596284e+00
-3.82914886e+02 2.81503619e+00
-3.82114646e+02 2.80433621e+00
-3.81314406e+02 2.79386862e+00
-3.80514166e+02 2.78363416e+00
-3.79713926e+02 2.77362697e+00
-3.78913685e+02 2.76383454e+00
-3.78113445e+02 2.75423966e+00
-3.77313205e+02 2.74482304e+00
-3.76512965e+02 2.73556646e+00
-3.75712725e+02 2.72645450e+00
-3.74912485e+02 2.71747522e+00
-3.74112245e+02 2.70862034e+00
-3.73312005e+02 2.69988426e+00
-3.72511765e+02 2.69126284e+00
-3.71711525e+02 2.68275350e+00
-3.70911285e+02 2.67435387e+00
-3.70111044e+02 2.66606182e+00
-3.69310804e+02 2.65787488e+00
-3.68510564e+02 2.64979094e+00
-3.67710324e+02 2.64180778e+00
-3.66910084e+02 2.63392306e+00
-3.66109844e+02 2.62613430e+00
-3.65309604e+02 2.61843918e+00
-3.64509364e+02 2.61083469e+00
-3.63709124e+02 2.60331785e+00
-3.62908884e+02 2.59588466e+00
-3.62108643e+02 2.58853012e+00
-3.61308403e+02 2.58124816e+00
-3.60508163e+02 2.57403130e+00
-3.59707923e+02 2.56687206e+00
-3.58907683e+02 2.55976308e+00
-3.58107443e+02 2.55269911e+00
-3.57307203e+02 2.54567655e+00
-3.56506963e+02 2.53869558e+00
-3.55706723e+02 2.53175938e+00
-3.54906483e+02 2.52487313e+00
-3.54106242e+02 2.51804332e+00
-3.53306002e+02 2.51127483e+00
-3.52505762e+02 2.50456968e+00
-3.51705522e+02 2.49792534e+00
-3.50905282e+02 2.49133408e+00
-3.50105042e+02 2.48478379e+00
-3.49304802e+02 2.47826016e+00
-3.48504562e+02 2.47174843e+00
-3.47704322e+02 2.46523565e+00
-3.46904082e+02 2.45871144e+00
-3.46103842e+02 2.45216878e+00
-3.45303601e+02 2.44560386e+00
-3.44503361e+02 2.43901507e+00
-3.43703121e+02 2.43240341e+00
-3.42902881e+02 2.42577210e+00
-3.42102641e+02 2.41912603e+00
-3.41302401e+02 2.41247278e+00
-3.40502161e+02 2.40582148e+00
-3.39701921e+02 2.39918345e+00
-3.38901681e+02 2.39256964e+00
-3.38101441e+02 2.38599116e+00
-3.37301200e+02 2.37945547e+00
-3.36500960e+02 2.37296706e+00
-3.35700720e+02 2.36652507e+00
-3.34900480e+02 2.36012421e+00
-3.34100240e+02 2.35375489e+00
-3.33300000e+02 2.34740538e+00
-3.32499760e+02 2.34106347e+00
-3.31699520e+02 2.33471790e+00
-3.30899280e+02 2.32835978e+00
-3.30099040e+02 2.32198257e+00
-3.29298800e+02 2.31558276e+00
-3.28498559e+02 2.30915968e+00
-3.27698319e+02 2.30271503e+00
-3.26898079e+02 2.29625300e+00
-3.26097839e+02 2.28977918e+00
-3.25297599e+02 2.28330051e+00
-3.24497359e+02 2.27682490e+00
-3.23697119e+02 2.27036019e+00
-3.22896879e+02 2.26391404e+00
-3.22096639e+02 2.25749279e+00
-3.21296399e+02 2.25110231e+00
-3.20496158e+02 2.24474616e+00
-3.19695918e+02 2.23842622e+00
-3.18895678e+02 2.23214310e+00
-3.18095438e+02 2.22589570e+00
-3.17295198e+02 2.21968168e+00
-3.16494958e+02 2.21349791e+00
-3.15694718e+02 2.20734069e+00
-3.14894478e+02 2.20120596e+00
-3.14094238e+02 2.19508963e+00
-3.13293998e+02 2.18898767e+00
-3.12493758e+02 2.18289660e+00
-3.11693517e+02 2.17681270e+00
-3.10893277e+02 2.17073307e+00
-3.10093037e+02 2.16465494e+00
-3.09292797e+02 2.15857604e+00
-3.08492557e+02 2.15249485e+00
-3.07692317e+02 2.14641069e+00
-3.06892077e+02 2.14032339e+00
-3.06091837e+02 2.13423420e+00
-3.05291597e+02 2.12814559e+00
-3.04491357e+02 2.12206075e+00
-3.03691116e+02 2.11598433e+00
-3.02890876e+02 2.10992104e+00
-3.02090636e+02 2.10387534e+00
-3.01290396e+02 2.09785107e+00
-3.00490156e+02 2.09185076e+00
-2.99689916e+02 2.08587529e+00
-2.98889676e+02 2.07992420e+00
-2.98089436e+02 2.07399580e+00
-2.97289196e+02 2.06808719e+00
-2.96488956e+02 2.06219521e+00
-2.95688715e+02 2.05631578e+00
-2.94888475e+02 2.05044485e+00
-2.94088235e+02 2.04457756e+00
-2.93287995e+02 2.03870860e+00
-2.92487755e+02 2.03283203e+00
-2.91687515e+02 2.02694142e+00
-2.90887275e+02 2.02103009e+00
-2.90087035e+02 2.01509164e+00
-2.89286795e+02 2.00912025e+00
-2.88486555e+02 2.00311132e+00
-2.87686315e+02 1.99706145e+00
-2.86886074e+02 1.99096962e+00
-2.86085834e+02 1.98483661e+00
-2.85285594e+02 1.97866526e+00
-2.84485354e+02 1.97245997e+00
-2.83685114e+02 1.96622649e+00
-2.82884874e+02 1.95997030e+00
-2.82084634e+02 1.95369693e+00
-2.81284394e+02 1.94741019e+00
-2.80484154e+02 1.94111221e+00
-2.79683914e+02 1.93480252e+00
-2.78883673e+02 1.92847877e+00
-2.78083433e+02 1.92213632e+00
-2.77283193e+02 1.91576991e+00
-2.76482953e+02 1.90937317e+00
-2.75682713e+02 1.90294063e+00
-2.74882473e+02 1.89646702e+00
-2.74082233e+02 1.88994838e+00
-2.73281993e+02 1.88338211e+00
-2.72481753e+02 1.87676673e+00
-2.71681513e+02 1.87010197e+00
-2.70881273e+02 1.86338840e+00
-2.70081032e+02 1.85662700e+00
-2.69280792e+02 1.84981918e+00
-2.68480552e+02 1.84296703e+00
-2.67680312e+02 1.83607184e+00
-2.66880072e+02 1.82913571e+00
-2.66079832e+02 1.82215962e+00
-2.65279592e+02 1.81514515e+00
-2.64479352e+02 1.80809342e+00
-2.63679112e+02 1.80100560e+00
-2.62878872e+02 1.79388243e+00
-2.62078631e+02 1.78672486e+00
-2.61278391e+02 1.77953368e+00
-2.60478151e+02 1.77230997e+00
-2.59677911e+02 1.76505482e+00
-2.58877671e+02 1.75776937e+00
-2.58077431e+02 1.75045488e+00
-2.57277191e+02 1.74311309e+00
-2.56476951e+02 1.73574576e+00
-2.55676711e+02 1.72835522e+00
-2.54876471e+02 1.72094355e+00
-2.54076230e+02 1.71351348e+00
-2.53275990e+02 1.70606781e+00
-2.52475750e+02 1.69860945e+00
-2.51675510e+02 1.69114140e+00
-2.50875270e+02 1.68366674e+00
-2.50075030e+02 1.67618842e+00
-2.49274790e+02 1.66870903e+00
-2.48474550e+02 1.66123087e+00
-2.47674310e+02 1.65375580e+00
-2.46874070e+02 1.64628502e+00
-2.46073830e+02 1.63881862e+00
-2.45273589e+02 1.63135602e+00
-2.44473349e+02 1.62389558e+00
-2.43673109e+02 1.61643466e+00
-2.42872869e+02 1.60896945e+00
-2.42072629e+02 1.60149538e+00
-2.41272389e+02 1.59400724e+00
-2.40472149e+02 1.58649933e+00
-2.39671909e+02 1.57896628e+00
-2.38871669e+02 1.57140284e+00
-2.38071429e+02 1.56380480e+00
-2.37271188e+02 1.55616914e+00
-2.36470948e+02 1.54849439e+00
-2.35670708e+02 1.54078069e+00
-2.34870468e+02 1.53302944e+00
-2.34070228e+02 1.52524340e+00
-2.33269988e+02 1.51742571e+00
-2.32469748e+02 1.50957971e+00
-2.31669508e+02 1.50170813e+00
-2.30869268e+02 1.49381274e+00
-2.30069028e+02 1.48589360e+00
-2.29268788e+02 1.47794950e+00
-2.28468547e+02 1.46997731e+00
-2.27668307e+02 1.46197276e+00
-2.26868067e+02 1.45393087e+00
-2.26067827e+02 1.44584563e+00
-2.25267587e+02 1.43771148e+00
-2.24467347e+02 1.42952303e+00
-2.23667107e+02 1.42127554e+00
-2.22866867e+02 1.41296519e+00
-2.22066627e+02 1.40458935e+00
-2.21266387e+02 1.39614679e+00
-2.20466146e+02 1.38763667e+00
-2.19665906e+02 1.37905977e+00
-2.18865666e+02 1.37041759e+00
-2.18065426e+02 1.36171214e+00
-2.17265186e+02 1.35294615e+00
-2.16464946e+02 1.34412268e+00
-2.15664706e+02 1.33524500e+00
-2.14864466e+02 1.32631626e+00
-2.14064226e+02 1.31733971e+00
-2.13263986e+02 1.30831845e+00
-2.12463745e+02 1.29925483e+00
-2.11663505e+02 1.29015157e+00
-2.10863265e+02 1.28101025e+00
-2.10063025e+02 1.27183260e+00
-2.09262785e+02 1.26261965e+00
-2.08462545e+02 1.25337267e+00
-2.07662305e+02 1.24409223e+00
-2.06862065e+02 1.23477916e+00
-2.06061825e+02 1.22543426e+00
-2.05261585e+02 1.21605830e+00
-2.04461345e+02 1.20665241e+00
-2.03661104e+02 1.19721799e+00
-2.02860864e+02 1.18775648e+00
-2.02060624e+02 1.17826979e+00
-2.01260384e+02 1.16875948e+00
-2.00460144e+02 1.15922767e+00
-1.99659904e+02 1.14967595e+00
-1.98859664e+02 1.14010613e+00
-1.98059424e+02 1.13051945e+00
-1.97259184e+02 1.12091688e+00
-1.96458944e+02 1.11129931e+00
-1.95658703e+02 1.10166696e+00
-1.94858463e+02 1.09201999e+00
-1.94058223e+02 1.08235820e+00
-1.93257983e+02 1.07268137e+00
-1.92457743e+02 1.06298902e+00
-1.91657503e+02 1.05328077e+00
-1.90857263e+02 1.04355638e+00
-1.90057023e+02 1.03381551e+00
-1.89256783e+02 1.02405825e+00
-1.88456543e+02 1.01428478e+00
-1.87656303e+02 1.00449557e+00
-1.86856062e+02 9.94691205e-01
-1.86055822e+02 9.84872952e-01
-1.85255582e+02 9.75041943e-01
-1.84455342e+02 9.65199615e-01
-1.83655102e+02 9.55347919e-01
-1.82854862e+02 9.45488695e-01
-1.82054622e+02 9.35624156e-01
-1.81254382e+02 9.25756703e-01
-1.80454142e+02 9.15888837e-01
-1.79653902e+02 9.06023166e-01
-1.78853661e+02 8.96162397e-01
-1.78053421e+02 8.86309209e-01
-1.77253181e+02 8.76466528e-01
-1.76452941e+02 8.66637273e-01
-1.75652701e+02 8.56824020e-01
-1.74852461e+02 8.47029917e-01
-1.74052221e+02 8.37257767e-01
-1.73251981e+02 8.27510261e-01
-1.72451741e+02 8.17790303e-01
-1.71651501e+02 8.08100457e-01
-1.70851261e+02 7.98443364e-01
-1.70051020e+02 7.88821703e-01
-1.69250780e+02 7.79238002e-01
-1.68450540e+02 7.69694647e-01
-1.67650300e+02 7.60193920e-01
-1.66850060e+02 7.50738215e-01
-1.66049820e+02 7.41329537e-01
-1.65249580e+02 7.31970232e-01
-1.64449340e+02 7.22662169e-01
-1.63649100e+02 7.13407239e-01
-1.62848860e+02 7.04207394e-01
-1.62048619e+02 6.95064349e-01
-1.61248379e+02 6.85979734e-01
-1.60448139e+02 6.76955212e-01
-1.59647899e+02 6.67992308e-01
-1.58847659e+02 6.59092353e-01
-1.58047419e+02 6.50256806e-01
-1.57247179e+02 6.41486916e-01
-1.56446939e+02 6.32783876e-01
-1.55646699e+02 6.24148791e-01
-1.54846459e+02 6.15582871e-01
-1.54046218e+02 6.07086878e-01
-1.53245978e+02 5.98661906e-01
-1.52445738e+02 5.90308814e-01
-1.51645498e+02 5.82028368e-01
-1.50845258e+02 5.73821291e-01
-1.50045018e+02 5.65688318e-01
-1.49244778e+02 5.57630067e-01
-1.48444538e+02 5.49647162e-01
-1.47644298e+02 5.41740061e-01
-1.46844058e+02 5.33909310e-01
-1.46043818e+02 5.26155146e-01
-1.45243577e+02 5.18478106e-01
-1.44443337e+02 5.10878578e-01
-1.43643097e+02 5.03356776e-01
-1.42842857e+02 4.95912946e-01
-1.42042617e+02 4.88547353e-01
-1.41242377e+02 4.81260159e-01
-1.40442137e+02 4.74051499e-01
-1.39641897e+02 4.66921275e-01
-1.38841657e+02 4.59869808e-01
-1.38041417e+02 4.52896979e-01
-1.37241176e+02 4.46002667e-01
-1.36440936e+02 4.39187011e-01
-1.35640696e+02 4.32449856e-01
-1.34840456e+02 4.25790974e-01
-1.34040216e+02 4.19210246e-01
-1.33239976e+02 4.12707359e-01
-1.32439736e+02 4.06282156e-01
-1.31639496e+02 3.99934403e-01
-1.30839256e+02 3.93663737e-01
-1.30039016e+02 3.87469671e-01
-1.29238776e+02 3.81351999e-01
-1.28438535e+02 3.75310177e-01
-1.27638295e+02 3.69343705e-01
-1.26838055e+02 3.63452233e-01
-1.26037815e+02 3.57635053e-01
-1.25237575e+02 3.51891813e-01
-1.24437335e+02 3.46221725e-01
-1.23637095e+02 3.40624251e-01
-1.22836855e+02 3.35098765e-01
-1.22036615e+02 3.29644739e-01
-1.21236375e+02 3.24261293e-01
-1.20436134e+02 3.18947761e-01
-1.19635894e+02 3.13703525e-01
-1.18835654e+02 3.08527743e-01
-1.18035414e+02 3.03419668e-01
-1.17235174e+02 2.98378526e-01
-1.16434934e+02 2.93403769e-01
-1.15634694e+02 2.88494269e-01
-1.14834454e+02 2.83649390e-01
-1.14034214e+02 2.78868256e-01
-1.13233974e+02 2.74150067e-01
-1.12433733e+02 2.69493994e-01
-1.11633493e+02 2.64899153e-01
-1.10833253e+02 2.60364882e-01
-1.10033013e+02 2.55890033e-01
-1.09232773e+02 2.51474040e-01
-1.08432533e+02 2.47116012e-01
-1.07632293e+02 2.42814828e-01
-1.06832053e+02 2.38569959e-01
-1.06031813e+02 2.34380498e-01
-1.05231573e+02 2.30245477e-01
-1.04431333e+02 2.26164400e-01
-1.03631092e+02 2.22136269e-01
-1.02830852e+02 2.18160504e-01
-1.02030612e+02 2.14236048e-01
-1.01230372e+02 2.10362294e-01
-1.00430132e+02 2.06538642e-01
-9.96298920e+01 2.02764194e-01
-9.88296519e+01 1.99038383e-01
-9.80294118e+01 1.95360474e-01
-9.72291717e+01 1.91729824e-01
-9.64289316e+01 1.88145864e-01
-9.56286915e+01 1.84607979e-01
-9.48284514e+01 1.81115574e-01
-9.40282113e+01 1.77668093e-01
-9.32279712e+01 1.74264916e-01
-9.24277311e+01 1.70905585e-01
-9.16274910e+01 1.67589544e-01
-9.08272509e+01 1.64316271e-01
-9.00270108e+01 1.61085300e-01
-8.92267707e+01 1.57896221e-01
-8.84265306e+01 1.54748707e-01
-8.76262905e+01 1.51642066e-01
-8.68260504e+01 1.48575859e-01
-8.60258103e+01 1.45549944e-01
-8.52255702e+01 1.42563852e-01
-8.44253301e+01 1.39616891e-01
-8.36250900e+01 1.36708930e-01
-8.28248499e+01 1.33839668e-01
-8.20246098e+01 1.31008607e-01
-8.12243697e+01 1.28215510e-01
-8.04241297e+01 1.25459870e-01
-7.96238896e+01 1.22741365e-01
-7.88236495e+01 1.20059798e-01
-7.80234094e+01 1.17414815e-01
-7.72231693e+01 1.14806125e-01
-7.64229292e+01 1.12233254e-01
-7.56226891e+01 1.09696082e-01
-7.48224490e+01 1.07194278e-01
-7.40222089e+01 1.04727504e-01
-7.32219688e+01 1.02295531e-01
-7.24217287e+01 9.98979719e-02
-7.16214886e+01 9.75345722e-02
-7.08212485e+01 9.52050956e-02
-7.00210084e+01 9.29092362e-02
-6.92207683e+01 9.06468611e-02
-6.84205282e+01 8.84175440e-02
-6.76202881e+01 8.62210558e-02
-6.68200480e+01 8.40572569e-02
-6.60198079e+01 8.19257724e-02
-6.52195678e+01 7.98264076e-02
-6.44193277e+01 7.77588430e-02
-6.36190876e+01 7.57230506e-02
-6.28188475e+01 7.37184585e-02
-6.20186074e+01 7.17451737e-02
-6.12183673e+01 6.98026893e-02
-6.04181273e+01 6.78910481e-02
-5.96178872e+01 6.60098706e-02
-5.88176471e+01 6.41587541e-02
-5.80174070e+01 6.23379125e-02
-5.72171669e+01 6.05468102e-02
-5.64169268e+01 5.87852440e-02
-5.56166867e+01 5.70531849e-02
-5.48164466e+01 5.53502677e-02
-5.40162065e+01 5.36763207e-02
-5.32159664e+01 5.20313198e-02
-5.24157263e+01 5.04148482e-02
-5.16154862e+01 4.88267705e-02
-5.08152461e+01 4.72669645e-02
-5.00150060e+01 4.57351316e-02
-4.92147659e+01 4.42313232e-02
-4.84145258e+01 4.27551852e-02
-4.76142857e+01 4.13064223e-02
-4.68140456e+01 3.98850509e-02
-4.60138055e+01 3.84908650e-02
-4.52135654e+01 3.71236176e-02
-4.44133253e+01 3.57833667e-02
-4.36130852e+01 3.44697171e-02
-4.28128451e+01 3.31825596e-02
-4.20126050e+01 3.19217805e-02
-4.12123649e+01 3.06873286e-02
-4.04121248e+01 2.94790282e-02
-3.96118848e+01 2.82965626e-02
-3.88116447e+01 2.71398479e-02
-3.80114046e+01 2.60087981e-02
-3.72111645e+01 2.49033030e-02
-3.64109244e+01 2.38233297e-02
-3.56106843e+01 2.27685248e-02
-3.48104442e+01 2.17388750e-02
-3.40102041e+01 2.07342095e-02
-3.32099640e+01 1.97546098e-02
-3.24097239e+01 1.87997433e-02
-3.16094838e+01 1.78695262e-02
-3.08092437e+01 1.69638806e-02
-3.00090036e+01 1.60827284e-02
-2.92087635e+01 1.52260086e-02
-2.84085234e+01 1.43934683e-02
-2.76082833e+01 1.35852219e-02
-2.68080432e+01 1.28008945e-02
-2.60078031e+01 1.20407277e-02
-2.52075630e+01 1.13044453e-02
-2.44073229e+01 1.05919766e-02
-2.36070828e+01 9.90325448e-03
-2.28068427e+01 9.23815889e-03
-2.20066026e+01 8.59671539e-03
-2.12063625e+01 7.97879197e-03
-2.04061224e+01 7.38438792e-03
-1.96058824e+01 6.81327376e-03
-1.88056423e+01 6.26546526e-03
-1.80054022e+01 5.74100709e-03
-1.72051621e+01 5.23969199e-03
-1.64049220e+01 4.76158202e-03
-1.56046819e+01 4.30666016e-03
-1.48044418e+01 3.87465727e-03
-1.40042017e+01 3.46572175e-03
-1.32039616e+01 3.07971718e-03
-1.24037215e+01 2.71658467e-03
-1.16034814e+01 2.37638141e-03
-1.08032413e+01 2.05908589e-03
-1.00030012e+01 1.76450727e-03
-9.20276110e+00 1.49269825e-03
-8.40252101e+00 1.24371792e-03
-7.60228091e+00 1.01744252e-03
-6.80204082e+00 8.13849836e-04
-6.00180072e+00 6.32930197e-04
-5.20156062e+00 4.74728550e-04
-4.40132053e+00 3.39042545e-04
-3.60108043e+00 2.26004718e-04
-2.80084034e+00 1.35562752e-04
-2.00060024e+00 6.77982694e-05
-1.20036014e+00 2.26575099e-05
-4.00120048e-01 0.00000000e+00
4.00120048e-01 1.26684999e-07
1.20036014e+00 2.26400655e-05
2.00060024e+00 6.78139273e-05
2.80084034e+00 1.35545184e-04
3.60108043e+00 2.26098125e-04
4.40132053e+00 3.39050032e-04
5.20156062e+00 4.74643519e-04
6.00180072e+00 6.32899294e-04
6.80204082e+00 8.13814550e-04
7.60228091e+00 1.01732369e-03
8.40252101e+00 1.24374602e-03
9.20276110e+00 1.49267068e-03
1.00030012e+01 1.76452085e-03
1.08032413e+01 2.05910242e-03
1.16034814e+01 2.37649684e-03
1.24037215e+01 2.71659156e-03
1.32039616e+01 3.07970459e-03
1.40042017e+01 3.46571886e-03
1.48044418e+01 3.87460376e-03
1.56046819e+01 4.30659063e-03
1.64049220e+01 4.76155425e-03
1.72051621e+01 5.23972494e-03
1.80054022e+01 5.74101893e-03
1.88056423e+01 6.26546403e-03
1.96058824e+01 6.81324981e-03
2.04061224e+01 7.38436624e-03
2.12063625e+01 7.97885657e-03
2.20066026e+01 8.59672360e-03
2.28068427e+01 9.23828103e-03
2.36070828e+01 9.90332105e-03
2.44073229e+01 1.05919371e-02
2.52075630e+01 1.13044373e-02
2.60078031e+01 1.20407076e-02
2.68080432e+01 1.28009921e-02
2.76082833e+01 1.35851000e-02
2.84085234e+01 1.43933891e-02
2.92087635e+01 1.52259191e-02
3.00090036e+01 1.60827906e-02
3.08092437e+01 1.69639486e-02
3.16094838e+01 1.78695349e-02
3.24097239e+01 1.87997129e-02
3.32099640e+01 1.97545183e-02
3.40102041e+01 2.07342840e-02
3.48104442e+01 2.17388331e-02
3.56106843e+01 2.27684364e-02
3.64109244e+01 2.38233160e-02
3.72111645e+01 2.49033828e-02
3.80114046e+01 2.60088572e-02
3.88116447e+01 2.71398429e-02
3.96118848e+01 2.82965162e-02
4.04121248e+01 2.94789832e-02
4.12123649e+01 3.06873870e-02
4.20126050e+01 3.19219096e-02
4.28128451e+01 3.31826653e-02
4.36130852e+01 3.44697305e-02
4.44133253e+01 3.57833289e-02
4.52135654e+01 3.71237156e-02
4.60138055e+01 3.84909008e-02
4.68140456e+01 3.98850240e-02
4.76142857e+01 4.13063519e-02
4.84145258e+01 4.27550654e-02
4.92147659e+01 4.42312388e-02
5.00150060e+01 4.57351591e-02
5.08152461e+01 4.72669386e-02
5.16154862e+01 4.88267929e-02
5.24157263e+01 5.04148917e-02
5.32159664e+01 5.20313111e-02
5.40162065e+01 5.36763788e-02
5.48164466e+01 5.53502303e-02
5.56166867e+01 5.70532395e-02
5.64169268e+01 5.87852029e-02
5.72171669e+01 6.05467390e-02
5.80174070e+01 6.23378902e-02
5.88176471e+01 6.41588764e-02
5.96178872e+01 6.60098178e-02
6.04181273e+01 6.78910736e-02
6.12183673e+01 6.98027431e-02
6.20186074e+01 7.17452190e-02
6.28188475e+01 7.37184533e-02
6.36190876e+01 7.57229041e-02
6.44193277e+01 7.77587966e-02
6.52195678e+01 7.98263416e-02
6.60198079e+01 8.19257593e-02
6.68200480e+01 8.40572572e-02
6.76202881e+01 8.62210521e-02
6.84205282e+01 8.84174504e-02
6.92207683e+01 9.06468967e-02
7.00210084e+01 9.29093187e-02
7.08212485e+01 9.52050793e-02
7.16214886e+01 9.75345528e-02
7.24217287e+01 9.98979263e-02
7.32219688e+01 1.02295465e-01
7.40222089e+01 1.04727546e-01
7.48224490e+01 1.07194371e-01
7.56226891e+01 1.09696172e-01
7.64229292e+01 1.12233283e-01
7.72231693e+01 1.14806119e-01
7.80234094e+01 1.17414857e-01
7.88236495e+01 1.20059792e-01
7.96238896e+01 1.22741426e-01
8.04241297e+01 1.25459885e-01
8.12243697e+01 1.28215404e-01
8.20246098e+01 1.31008566e-01
8.28248499e+01 1.33839596e-01
8.36250900e+01 1.36708902e-01
8.44253301e+01 1.39616847e-01
8.52255702e+01 1.42563828e-01
8.60258103e+01 1.45550017e-01
8.68260504e+01 1.48576022e-01
8.76262905e+01 1.51642031e-01
8.84265306e+01 1.54748678e-01
8.92267707e+01 1.57896319e-01
9.00270108e+01 1.61085321e-01
9.08272509e+01 1.64316276e-01
9.16274910e+01 1.67589520e-01
9.24277311e+01 1.70905570e-01
9.32279712e+01 1.74264965e-01
9.40282113e+01 1.77668036e-01
9.48284514e+01 1.81115541e-01
9.56286915e+01 1.84607971e-01
9.64289316e+01 1.88145925e-01
9.72291717e+01 1.91729865e-01
9.80294118e+01 1.95360437e-01
9.88296519e+01 1.99038339e-01
9.96298920e+01 2.02764199e-01
1.00430132e+02 2.06538583e-01
1.01230372e+02 2.10362340e-01
1.02030612e+02 2.14235962e-01
1.02830852e+02 2.18160552e-01
1.03631092e+02 2.22136385e-01
1.04431333e+02 2.26164567e-01
1.05231573e+02 2.30245525e-01
1.06031813e+02 2.34380469e-01
1.06832053e+02 2.38569903e-01
1.07632293e+02 2.42814761e-01
1.08432533e+02 2.47115842e-01
1.09232773e+02 2.51474015e-01
1.10033013e+02 2.55890020e-01
1.10833253e+02 2.60364840e-01
1.11633493e+02 2.64899188e-01
1.12433733e+02 2.69494031e-01
1.13233974e+02 2.74150099e-01
1.14034214e+02 2.78868265e-01
1.14834454e+02 2.83649375e-01
1.15634694e+02 2.88494247e-01
1.16434934e+02 2.93403718e-01
1.17235174e+02 2.98378547e-01
1.18035414e+02 3.03419655e-01
1.18835654e+02 3.08527762e-01
1.19635894e+02 3.13703520e-01
1.20436134e+02 3.18947744e-01
1.21236375e+02 3.24261226e-01
1.22036615e+02 3.29644698e-01
1.22836855e+02 3.35098855e-01
1.23637095e+02 3.40624280e-01
1.24437335e+02 3.46221687e-01
1.25237575e+02 3.51891811e-01
1.26037815e+02 3.57635134e-01
1.26838055e+02 3.63452223e-01
1.27638295e+02 3.69343707e-01
1.28438535e+02 3.75310144e-01
1.29238776e+02 3.81352070e-01
1.30039016e+02 3.87469739e-01
1.30839256e+02 3.93663803e-01
1.31639496e+02 3.99934397e-01
1.32439736e+02 4.06282185e-01
1.33239976e+02 4.12707375e-01
1.34040216e+02 4.19210196e-01
1.34840456e+02 4.25790932e-01
1.35640696e+02 4.32449785e-01
1.36440936e+02 4.39187006e-01
1.37241176e+02 4.46002671e-01
1.38041417e+02 4.52896970e-01
1.38841657e+02 4.59869791e-01
1.39641897e+02 4.66921282e-01
1.40442137e+02 4.74051389e-01
1.41242377e+02 4.81260144e-01
1.42042617e+02 4.88547441e-01
1.42842857e+02 4.95913007e-01
1.43643097e+02 5.03356771e-01
1.44443337e+02 5.10878587e-01
1.45243577e+02 5.18478146e-01
1.46043818e+02 5.26155149e-01
1.46844058e+02 5.33909190e-01
1.47644298e+02 5.41739992e-01
1.48444538e+02 5.49647153e-01
1.49244778e+02 5.57630042e-01
1.50045018e+02 5.65688315e-01
1.50845258e+02 5.73821330e-01
1.51645498e+02 5.82028392e-01
1.52445738e+02 5.90308844e-01
1.53245978e+02 5.98661941e-01
1.54046218e+02 6.07086802e-01
1.54846459e+02 6.15582798e-01
1.55646699e+02 6.24148824e-01
1.56446939e+02 6.32783949e-01
1.57247179e+02 6.41486899e-01
1.58047419e+02 6.50256833e-01
1.58847659e+02 6.59092407e-01
1.59647899e+02 6.67992280e-01
1.60448139e+02 6.76955258e-01
1.61248379e+02 6.85979747e-01
1.62048619e+02 6.95064296e-01
1.62848860e+02 7.04207406e-01
1.63649100e+02 7.13407214e-01
1.64449340e+02 7.22662102e-01
1.65249580e+02 7.31970281e-01
1.66049820e+02 7.41329624e-01
1.66850060e+02 7.50738283e-01
1.67650300e+02 7.60193966e-01
1.68450540e+02 7.69694611e-01
1.69250780e+02 7.79237949e-01
1.70051020e+02 7.88821673e-01
1.70851261e+02 7.98443354e-01
1.71651501e+02 8.08100382e-01
1.72451741e+02 8.17790289e-01
1.73251981e+02 8.27510281e-01
1.74052221e+02 8.37257787e-01
1.74852461e+02 8.47029997e-01
1.75652701e+02 8.56824052e-01
1.76452941e+02 8.66637196e-01
1.77253181e+02 8.76466490e-01
1.78053421e+02 8.86309218e-01
1.78853661e+02 8.96162369e-01
1.79653902e+02 9.06023169e-01
1.80454142e+02 9.15888904e-01
1.81254382e+02 9.25756704e-01
1.82054622e+02 9.35624176e-01
1.82854862e+02 9.45488760e-01
1.83655102e+02 9.55347868e-01
1.84455342e+02 9.65199615e-01
1.85255582e+02 9.75041897e-01
1.86055822e+02 9.84872974e-01
1.86856062e+02 9.94691289e-01
1.87656303e+02 1.00449552e+00
1.88456543e+02 1.01428479e+00
1.89256783e+02 1.02405827e+00
1.90057023e+02 1.03381556e+00
1.90857263e+02 1.04355634e+00
1.91657503e+02 1.05328079e+00
1.92457743e+02 1.06298904e+00
1.93257983e+02 1.07268141e+00
1.94058223e+02 1.08235811e+00
1.94858463e+02 1.09201993e+00
1.95658703e+02 1.10166695e+00
1.96458944e+02 1.11129932e+00
1.97259184e+02 1.12091694e+00
1.98059424e+02 1.13051947e+00
1.98859664e+02 1.14010614e+00
1.99659904e+02 1.14967589e+00
2.00460144e+02 1.15922768e+00
2.01260384e+02 1.16875953e+00
2.02060624e+02 1.17826978e+00
2.02860864e+02 1.18775647e+00
2.03661104e+02 1.19721797e+00
2.04461345e+02 1.20665236e+00
2.05261585e+02 1.21605827e+00
2.06061825e+02 1.22543419e+00
2.06862065e+02 1.23477913e+00
2.07662305e+02 1.24409224e+00
2.08462545e+02 1.25337265e+00
2.09262785e+02 1.26261969e+00
2.10063025e+02 1.27183259e+00
2.10863265e+02 1.28101017e+00
2.11663505e+02 1.29015152e+00
2.12463745e+02 1.29925489e+00
2.13263986e+02 1.30831845e+00
2.14064226e+02 1.31733978e+00
2.14864466e+02 1.32631622e+00
2.15664706e+02 1.33524496e+00
2.16464946e+02 1.34412269e+00
2.17265186e+02 1.35294619e+00
2.18065426e+02 1.36171217e+00
2.18865666e+02 1.37041759e+00
2.19665906e+02 1.37905978e+00
2.20466146e+02 1.38763668e+00
2.21266387e+02 1.39614678e+00
2.22066627e+02 1.40458943e+00
2.22866867e+02 1.41296505e+00
2.23667107e+02 1.42127553e+00
2.24467347e+02 1.42952309e+00
2.25267587e+02 1.43771157e+00
2.26067827e+02 1.44584565e+00
2.26868067e+02 1.45393090e+00
2.27668307e+02 1.46197280e+00
2.28468547e+02 1.46997725e+00
2.29268788e+02 1.47794945e+00
2.30069028e+02 1.48589362e+00
2.30869268e+02 1.49381268e+00
2.31669508e+02 1.50170816e+00
2.32469748e+02 1.50957971e+00
2.33269988e+02 1.51742574e+00
2.34070228e+02 1.52524346e+00
2.34870468e+02 1.53302943e+00
2.35670708e+02 1.54078069e+00
2.36470948e+02 1.54849436e+00
2.37271188e+02 1.55616915e+00
2.38071429e+02 1.56380479e+00
2.38871669e+02 1.57140288e+00
2.39671909e+02 1.57896629e+00
2.40472149e+02 1.58649936e+00
2.41272389e+02 1.59400722e+00
2.42072629e+02 1.60149531e+00
2.42872869e+02 1.60896943e+00
2.43673109e+02 1.61643465e+00
2.44473349e+02 1.62389555e+00
2.45273589e+02 1.63135609e+00
2.46073830e+02 1.63881864e+00
2.46874070e+02 1.64628503e+00
2.47674310e+02 1.65375576e+00
2.48474550e+02 1.66123093e+00
2.49274790e+02 1.66870896e+00
2.50075030e+02 1.67618835e+00
2.50875270e+02 1.68366680e+00
2.51675510e+02 1.69114142e+00
2.52475750e+02 1.69860943e+00
2.53275990e+02 1.70606781e+00
2.54076230e+02 1.71351350e+00
2.54876471e+02 1.72094352e+00
2.55676711e+02 1.72835517e+00
2.56476951e+02 1.73574579e+00
2.57277191e+02 1.74311312e+00
2.58077431e+02 1.75045493e+00
2.58877671e+02 1.75776931e+00
2.59677911e+02 1.76505483e+00
2.60478151e+02 1.77231003e+00
2.61278391e+02 1.77953367e+00
2.62078631e+02 1.78672487e+00
2.62878872e+02 1.79388242e+00
2.63679112e+02 1.80100565e+00
2.64479352e+02 1.80809344e+00
2.65279592e+02 1.81514517e+00
2.66079832e+02 1.82215954e+00
2.66880072e+02 1.82913557e+00
2.67680312e+02 1.83607189e+00
2.68480552e+02 1.84296698e+00
2.69280792e+02 1.84981927e+00
2.70081032e+02 1.85662692e+00
2.70881273e+02 1.86338838e+00
2.71681513e+02 1.87010202e+00
2.72481753e+02 1.87676680e+00
2.73281993e+02 1.88338215e+00
2.74082233e+02 1.88994844e+00
2.74882473e+02 1.89646704e+00
2.75682713e+02 1.90294054e+00
2.76482953e+02 1.90937316e+00
2.77283193e+02 1.91576984e+00
2.78083433e+02 1.92213632e+00
2.78883673e+02 1.92847874e+00
2.79683914e+02 1.93480250e+00
2.80484154e+02 1.94111224e+00
2.81284394e+02 1.94741020e+00
2.82084634e+02 1.95369701e+00
2.82884874e+02 1.95997037e+00
2.83685114e+02 1.96622653e+00
2.84485354e+02 1.97246010e+00
2.85285594e+02 1.97866523e+00
2.86085834e+02 1.98483658e+00
2.86886074e+02 1.99096952e+00
2.87686315e+02 1.99706140e+00
2.88486555e+02 2.00311114e+00
2.89286795e+02 2.00912020e+00
2.90087035e+02 2.01509166e+00
2.90887275e+02 2.02103016e+00
2.91687515e+02 2.02694153e+00
2.92487755e+02 2.03283199e+00
2.93287995e+02 2.03870863e+00
2.94088235e+02 2.04457756e+00
2.94888475e+02 2.05044481e+00
2.95688715e+02 2.05631581e+00
2.96488956e+02 2.06219520e+00
2.97289196e+02 2.06808715e+00
2.98089436e+02 2.07399580e+00
2.98889676e+02 2.07992419e+00
2.99689916e+02 2.08587530e+00
3.00490156e+02 2.09185070e+00
3.01290396e+02 2.09785118e+00
3.02090636e+02 2.10387534e+00
3.02890876e+02 2.10992106e+00
3.03691116e+02 2.11598433e+00
3.04491357e+02 2.12206076e+00
3.05291597e+02 2.12814552e+00
3.06091837e+02 2.13423425e+00
3.06892077e+02 2.14032328e+00
3.07692317e+02 2.14641066e+00
3.08492557e+02 2.15249489e+00
3.09292797e+02 2.15857599e+00
3.10093037e+02 2.16465486e+00
3.10893277e+02 2.17073310e+00
3.11693517e+02 2.17681288e+00
3.12493758e+02 2.18289666e+00
3.13293998e+02 2.18898778e+00
3.14094238e+02 2.19508960e+00
3.14894478e+02 2.20120587e+00
3.15694718e+02 2.20734067e+00
3.16494958e+02 2.21349791e+00
3.17295198e+02 2.21968170e+00
3.18095438e+02 2.22589571e+00
3.18895678e+02 2.23214308e+00
3.19695918e+02 2.23842623e+00
3.20496158e+02 2.24474602e+00
3.21296399e+02 2.25110234e+00
3.22096639e+02 2.25749290e+00
3.22896879e+02 2.26391399e+00
3.23697119e+02 2.27036026e+00
3.24497359e+02 2.27682493e+00
3.25297599e+02 2.28330057e+00
3.26097839e+02 2.28977919e+00
3.26898079e+02 2.29625293e+00
3.27698319e+02 2.30271493e+00
3.28498559e+02 2.30915956e+00
3.29298800e+02 2.31558263e+00
3.30099040e+02 2.32198257e+00
3.30899280e+02 2.32835992e+00
3.31699520e+02 2.33471800e+00
3.32499760e+02 2.34106347e+00
3.33300000e+02 2.34740530e+00
3.34100240e+02 2.35375493e+00
3.34900480e+02 2.36012417e+00
3.35700720e+02 2.36652511e+00
3.36500960e+02 2.37296718e+00
3.37301200e+02 2.37945548e+00
3.38101441e+02 2.38599108e+00
3.38901681e+02 2.39256970e+00
3.39701921e+02 2.39918337e+00
3.40502161e+02 2.40582159e+00
3.41302401e+02 2.41247272e+00
3.42102641e+02 2.41912602e+00
3.42902881e+02 2.42577196e+00
3.43703121e+02 2.43240332e+00
3.44503361e+02 2.43901502e+00
3.45303601e+02 2.44560386e+00
3.46103842e+02 2.45216899e+00
3.46904082e+02 2.45871168e+00
3.47704322e+02 2.46523580e+00
3.48504562e+02 2.47174851e+00
3.49304802e+02 2.47826007e+00
3.50105042e+02 2.48478356e+00
3.50905282e+02 2.49133390e+00
3.51705522e+02 2.49792521e+00
3.52505762e+02 2.50456962e+00
3.53306002e+02 2.51127473e+00
3.54106242e+02 2.51804339e+00
3.54906483e+02 2.52487322e+00
3.55706723e+02 2.53175940e+00
3.56506963e+02 2.53869575e+00
3.57307203e+02 2.54567669e+00
3.58107443e+02 2.55269908e+00
3.58907683e+02 2.55976318e+00
3.59707923e+02 2.56687199e+00
3.60508163e+02 2.57403116e+00
3.61308403e+02 2.58124813e+00
3.62108643e+02 2.58853019e+00
3.62908884e+02 2.59588460e+00
3.63709124e+02 2.60331792e+00
3.64509364e+02 2.61083466e+00
3.65309604e+02 2.61843909e+00
3.66109844e+02 2.62613428e+00
3.66910084e+02 2.63392312e+00
3.67710324e+02 2.64180783e+00
3.68510564e+02 2.64979102e+00
3.69310804e+02 2.65787492e+00
3.70111044e+02 2.66606175e+00
3.70911285e+02 2.67435382e+00
3.71711525e+02 2.68275364e+00
3.72511765e+02 2.69126277e+00
3.73312005e+02 2.69988430e+00
3.74112245e+02 2.70862040e+00
3.74912485e+02 2.71747528e+00
3.75712725e+02 2.72645441e+00
3.76512965e+02 2.73556640e+00
3.77313205e+02 2.74482295e+00
3.78113445e+02 2.75423955e+00
3.78913685e+02 2.76383453e+00
3.79713926e+02 2.77362684e+00
3.80514166e+02 2.78363412e+00
3.81314406e+02 2.79386861e+00
3.82114646e+02 2.80433625e+00
3.82914886e+02 2.81503624e+00
3.83715126e+02 2.82596293e+00
3.84515366e+02 2.83710909e+00
3.85315606e+02 2.84846933e+00
3.86115846e+02 2.86004255e+00
3.86916086e+02 2.87183299e+00
3.87716327e+02 2.88385226e+00
3.88516567e+02 2.89611901e+00
3.89316807e+02 2.90865938e+00
3.90117047e+02 2.92150556e+00
3.90917287e+02 2.93469531e+00
3.91717527e+02 2.94826945e+00
3.92517767e+02 2.96226955e+00
3.93318007e+02 2.97673493e+00
3.94118247e+02 2.99169895e+00
3.94918487e+02 3.00718633e+00
3.95718727e+02 3.02321385e+00
3.96518968e+02 3.03979255e+00
3.97319208e+02 3.05692990e+00
3.98119448e+02 3.07463520e+00
3.98919688e+02 3.09292095e+00
3.99719928e+02 3.11180420e+00
4.00520168e+02 3.13130735e+00
4.01320408e+02 3.15145750e+00
4.02120648e+02 3.17228535e+00
4.02920888e+02 3.19382360e+00
4.03721128e+02 3.21610632e+00
4.04521369e+02 3.23916678e+00
4.05321609e+02 3.26303727e+00
4.06121849e+02 3.28774864e+00
4.06922089e+02 3.31333064e+00
4.07722329e+02 3.33981090e+00
4.08522569e+02 3.36721614e+00
4.09322809e+02 3.39557021e+00
4.10123049e+02 3.42489470e+00
4.10923289e+02 3.45520902e+00
4.11723529e+02 3.48653025e+00
4.12523770e+02 3.51887369e+00
4.13324010e+02 3.55225369e+00
4.14124250e+02 3.58668331e+00
4.14924490e+02 3.62217486e+00
4.15724730e+02 3.65873923e+00
4.16524970e+02 3.69638616e+00
4.17325210e+02 3.73512382e+00
4.18125450e+02 3.77495834e+00
4.18925690e+02 3.81589395e+00
4.19725930e+02 3.85793261e+00
4.20526170e+02 3.90107425e+00
4.21326411e+02 3.94531636e+00
4.22126651e+02 3.99065453e+00
4.22926891e+02 4.03708176e+00
4.23727131e+02 4.08458821e+00
4.24527371e+02 4.13316051e+00
4.25327611e+02 4.18278239e+00
4.26127851e+02 4.23343516e+00
4.26928091e+02 4.28509817e+00
4.27728331e+02 4.33774964e+00
4.28528571e+02 4.39136654e+00
4.29328812e+02 4.44592561e+00
4.30129052e+02 4.50140263e+00
4.30929292e+02 4.55777273e+00
4.31729532e+02 4.61501071e+00
4.32529772e+02 4.67309054e+00
4.33330012e+02 4.73198653e+00
4.34130252e+02 4.79167319e+00
4.34930492e+02 4.85212550e+00
4.35730732e+02 4.91331800e+00
4.36530972e+02 4.97522464e+00
4.37331212e+02 5.03781768e+00
4.38131453e+02 5.10106820e+00
4.38931693e+02 5.16494568e+00
4.39731933e+02 5.22941752e+00
4.40532173e+02 5.29444907e+00
4.41332413e+02 5.36000239e+00
4.42132653e+02 5.42603547e+00
4.42932893e+02 5.49250184e+00
4.43733133e+02 5.55935103e+00
4.44533373e+02 5.62652969e+00
4.45333613e+02 5.69398440e+00
4.46133854e+02 5.76166334e+00
4.46934094e+02 5.82951791e+00
4.47734334e+02 5.89750405e+00
4.48534574e+02 5.96558197e+00
4.49334814e+02 6.03371706e+00
4.50135054e+02 6.10187932e+00
4.50935294e+02 6.17004322e+00
4.51735534e+02 6.23818691e+00
4.52535774e+02 6.30629255e+00
4.53336014e+02 6.37434516e+00
4.54136255e+02 6.44233075e+00
4.54936495e+02 6.51023406e+00
4.55736735e+02 6.57803603e+00
4.56536975e+02 6.64571244e+00
4.57337215e+02 6.71323287e+00
4.58137455e+02 6.78056137e+00
4.58937695e+02 6.84765729e+00
4.59737935e+02 6.91447796e+00
4.60538175e+02 6.98098215e+00
4.61338415e+02 7.04713121e+00
4.62138655e+02 7.11289038e+00
4.62938896e+02 7.17822922e+00
4.63739136e+02 7.24312165e+00
4.64539376e+02 7.30754666e+00
4.65339616e+02 7.37148752e+00
4.66139856e+02 7.43492938e+00
4.66940096e+02 7.49785914e+00
4.67740336e+02 7.56026345e+00
4.68540576e+02 7.62212899e+00
4.69340816e+02 7.68344131e+00
4.70141056e+02 7.74418489e+00
4.70941297e+02 7.80434300e+00
4.71741537e+02 7.86389790e+00
4.72541777e+02 7.92283182e+00
4.73342017e+02 7.98112797e+00
4.74142257e+02 8.03877376e+00
4.74942497e+02 8.09576118e+00
4.75742737e+02 8.15208758e+00
4.76542977e+02 8.20775345e+00
4.77343217e+02 8.26276066e+00
4.78143457e+02 8.31710984e+00
4.78943697e+02 8.37079889e+00
4.79743938e+02 8.42382116e+00
4.80544178e+02 8.47616422e+00
4.81344418e+02 8.52781007e+00
4.82144658e+02 8.57873682e+00
4.82944898e+02 8.62892258e+00
4.83745138e+02 8.67834961e+00
4.84545378e+02 8.72700920e+00
4.85345618e+02 8.77490272e+00
4.86145858e+02 8.82204010e+00
4.86946098e+02 8.86843736e+00
4.87746339e+02 8.91411341e+00
4.88546579e+02 8.95908608e+00
4.89346819e+02 9.00336888e+00
4.90147059e+02 9.04696720e+00
4.90947299e+02 9.08987721e+00
4.91747539e+02 9.13208800e+00
4.92547779e+02 9.17358644e+00
4.93348019e+02 9.21436152e+00
4.94148259e+02 9.25440627e+00
4.94948499e+02 9.29371800e+00
4.95748739e+02 9.33229696e+00
4.96548980e+02 9.37014642e+00
4.97349220e+02 9.40727417e+00
4.98149460e+02 9.44369214e+00
4.98949700e+02 9.47941570e+00
4.99749940e+02 9.51446008e+00
5.00550180e+02 9.54883887e+00
5.01350420e+02 9.58256570e+00
5.02150660e+02 9.61565364e+00
5.02950900e+02 9.64811589e+00
5.03751140e+02 9.67996367e+00
5.04551381e+02 9.71120478e+00
5.05351621e+02 9.74184425e+00
5.06151861e+02 9.77188602e+00
5.06952101e+02 9.80133555e+00
5.07752341e+02 9.83020037e+00
5.08552581e+02 9.85848908e+00
5.09352821e+02 9.88620866e+00
5.10153061e+02 9.91336262e+00
5.10953301e+02 9.93995110e+00
5.11753541e+02 9.96597192e+00
5.12553782e+02 9.99142052e+00
5.13354022e+02 1.00162894e+01
5.14154262e+02 1.00405673e+01
5.14954502e+02 1.00642405e+01
5.15754742e+02 1.00872952e+01
5.16554982e+02 1.01097181e+01
5.17355222e+02 1.01314948e+01
5.18155462e+02 1.01526097e+01
5.18955702e+02 1.01730459e+01
5.19755942e+02 1.01927868e+01
5.20556182e+02 1.02118174e+01
5.21356423e+02 1.02301210e+01
5.22156663e+02 1.02476757e+01
5.22956903e+02 1.02644548e+01
5.23757143e+02 1.02804252e+01
5.24557383e+02 1.02955463e+01
5.25357623e+02 1.03097721e+01
5.26157863e+02 1.03230519e+01
5.26958103e+02 1.03353295e+01
5.27758343e+02 1.03465442e+01
5.28558583e+02 1.03566373e+01
5.29358824e+02 1.03655548e+01
5.30159064e+02 1.03732539e+01
5.30959304e+02 1.03797129e+01
5.31759544e+02 1.03849380e+01
5.32559784e+02 1.03889654e+01
5.33360024e+02 1.03918513e+01
5.34160264e+02 1.03936497e+01
5.34960504e+02 1.03944003e+01
5.35760744e+02 1.03941467e+01
5.36560984e+02 1.03929748e+01
5.37361224e+02 1.03910197e+01
5.38161465e+02 1.03884497e+01
5.38961705e+02 1.03854610e+01
5.39761945e+02 1.03822980e+01
5.40562185e+02 1.03792556e+01
5.41362425e+02 1.03766430e+01
5.42162665e+02 1.03747565e+01
5.42962905e+02 1.03738837e+01
5.43763145e+02 1.03742710e+01
5.44563385e+02 1.03760324e+01
5.45363625e+02 1.03790849e+01
5.46163866e+02 1.03831701e+01
5.46964106e+02 1.03879276e+01
5.47764346e+02 1.03929754e+01
5.48564586e+02 1.03980229e+01
5.49364826e+02 1.04029860e+01
5.50165066e+02 1.04080045e+01
5.50965306e+02 1.04133744e+01
5.51765546e+02 1.04194990e+01
5.52565786e+02 1.04268657e+01
5.53366026e+02 1.04359960e+01
5.54166267e+02 1.04473889e+01
5.54966507e+02 1.04615262e+01
5.55766747e+02 1.04788944e+01
5.56566987e+02 1.04999577e+01
5.57367227e+02 1.05251401e+01
5.58167467e+02 1.05548196e+01
5.58967707e+02 1.05892946e+01
5.59767947e+02 1.06287442e+01
5.60568187e+02 1.06732333e+01
5.61368427e+02 1.07227580e+01
5.62168667e+02 1.07773084e+01
5.62968908e+02 1.08369876e+01
5.63769148e+02 1.09020630e+01
5.64569388e+02 1.09728496e+01
5.65369628e+02 1.10496326e+01
5.66169868e+02 1.11327081e+01
5.66970108e+02 1.12224259e+01
5.67770348e+02 1.13192123e+01
5.68570588e+02 1.14236736e+01
5.69370828e+02 1.15366844e+01
5.70171068e+02 1.16593375e+01
5.70971309e+02 1.17928359e+01
5.71771549e+02 1.19383349e+01
5.72571789e+02 1.20966718e+01
5.73372029e+02 1.22681382e+01
5.74172269e+02 1.24525040e+01
5.74972509e+02 1.26491766e+01
5.75772749e+02 1.28574264e+01
5.76572989e+02 1.30767278e+01
5.77373229e+02 1.33070276e+01
5.78173469e+02 1.35487769e+01
5.78973709e+02 1.38029388e+01
5.79773950e+02 1.40709135e+01
5.80574190e+02 1.43542327e+01
5.81374430e+02 1.46543670e+01
5.82174670e+02 1.49729283e+01
5.82974910e+02 1.53120347e+01
5.83775150e+02 1.56740119e+01
5.84575390e+02 1.60606547e+01
5.85375630e+02 1.64730853e+01
5.86175870e+02 1.69123823e+01
5.86976110e+02 1.73805039e+01
5.87776351e+02 1.78802190e+01
5.88576591e+02 1.84132604e+01
5.89376831e+02 1.89782258e+01
5.90177071e+02 1.95702346e+01
5.90977311e+02 2.01832673e+01
5.91777551e+02 2.08153737e+01
5.92577791e+02 2.14713776e+01
5.93378031e+02 2.21566855e+01
5.94178271e+02 2.28703772e+01
5.94978511e+02 2.36048616e+01
5.95778752e+02 2.43531064e+01
5.96578992e+02 2.51187876e+01
5.97379232e+02 2.59109459e+01
5.98179472e+02 2.67355223e+01
5.98979712e+02 2.75947288e+01
5.99779952e+02 2.84887367e+01
6.00580192e+02 2.94168696e+01
6.01380432e+02 3.03781797e+01
6.02180672e+02 3.13716868e+01
6.02980912e+02 3.23964656e+01
6.03781152e+02 3.34516711e+01
6.04581393e+02 3.45365386e+01
6.05381633e+02 3.56503777e+01
6.06181873e+02 3.67925631e+01
6.06982113e+02 3.79625258e+01
6.07782353e+02 3.91597460e+01
6.08582593e+02 4.03837467e+01
6.09382833e+02 4.16340883e+01
6.10183073e+02 4.29103647e+01
6.10983313e+02 4.42121987e+01
6.11783553e+02 4.55392399e+01
6.12583794e+02 4.68911611e+01
6.13384034e+02 4.82676565e+01
6.14184274e+02 4.96684399e+01
6.14984514e+02 5.10932426e+01
6.15784754e+02 5.25418116e+01
6.16584994e+02 5.40139094e+01
6.17385234e+02 5.55093117e+01
6.18185474e+02 5.70278067e+01
6.18985714e+02 5.85691948e+01
6.19785954e+02 6.01332865e+01
6.20586194e+02 6.17199031e+01
6.21386435e+02 6.33288749e+01
6.22186675e+02 6.49600414e+01
6.22986915e+02 6.66132498e+01
6.23787155e+02 6.82883558e+01
6.24587395e+02 6.99852221e+01
6.25387635e+02 7.17037182e+01
6.26187875e+02 7.34437202e+01
6.26988115e+02 7.52051106e+01
6.27788355e+02 7.69877776e+01
6.28588595e+02 7.87916151e+01
6.29388836e+02 8.06165221e+01
6.30189076e+02 8.24624029e+01
6.30989316e+02 8.43291665e+01
6.31789556e+02 8.62167266e+01
6.32589796e+02 8.81250010e+01
6.33390036e+02 9.00539121e+01
6.34190276e+02 9.20033862e+01
6.34990516e+02 9.39733534e+01
6.35790756e+02 9.59637477e+01
6.36590996e+02 9.79745065e+01
6.37391236e+02 1.00005571e+02
6.38191477e+02 1.02056885e+02
6.38991717e+02 1.04128396e+02
6.39791957e+02 1.06220055e+02
6.40592197e+02 1.08331816e+02
6.41392437e+02 1.10463635e+02
6.42192677e+02 1.12615471e+02
6.42992917e+02 1.14787286e+02
6.43793157e+02 1.16979046e+02
6.44593397e+02 1.19190716e+02
6.45393637e+02 1.21422268e+02
6.46193878e+02 1.23673674e+02
6.46994118e+02 1.25944907e+02
6.47794358e+02 1.28235945e+02
6.48594598e+02 1.30546768e+02
6.49394838e+02 1.32877355e+02
6.50195078e+02 1.35227692e+02
6.50995318e+02 1.37597763e+02
6.51795558e+02 1.39987557e+02
6.52595798e+02 1.42397062e+02
6.53396038e+02 1.44826272e+02
6.54196279e+02 1.47275178e+02
6.54996519e+02 1.49743777e+02
6.55796759e+02 1.52232067e+02
6.56596999e+02 1.54740046e+02
6.57397239e+02 1.57267715e+02
6.58197479e+02 1.59815078e+02
6.58997719e+02 1.62382139e+02
6.59797959e+02 1.64968904e+02
6.60598199e+02 1.67575381e+02
6.61398439e+02 1.70201580e+02
6.62198679e+02 1.72847513e+02
6.62998920e+02 1.75513191e+02
6.63799160e+02 1.78198631e+02
6.64599400e+02 1.80903848e+02
6.65399640e+02 1.83628860e+02
6.66199880e+02 1.86373686e+02
6.67000120e+02 1.89138347e+02
6.67800360e+02 1.91922867e+02
6.68600600e+02 1.94727268e+02
6.69400840e+02 1.97551577e+02
6.70201080e+02 2.00395820e+02
6.71001321e+02 2.03260027e+02
6.71801561e+02 2.06144226e+02
6.72601801e+02 2.09048451e+02
6.73402041e+02 2.11972734e+02
6.74202281e+02 2.14917109e+02
6.75002521e+02 2.17881613e+02
6.75802761e+02 2.20866283e+02
6.76603001e+02 2.23871158e+02
6.77403241e+02 2.26896278e+02
6.78203481e+02 2.29941686e+02
6.79003721e+02 2.33007425e+02
6.79803962e+02 2.36093540e+02
6.80604202e+02 2.39200076e+02
6.81404442e+02 2.42327082e+02
6.82204682e+02 2.45474608e+02
6.83004922e+02 2.48642703e+02
6.83805162e+02 2.51831420e+02
6.84605402e+02 2.55040812e+02
6.85405642e+02 2.58270935e+02
6.86205882e+02 2.61521846e+02
6.87006122e+02 2.64793601e+02
6.87806363e+02 2.68086262e+02
6.88606603e+02 2.71399889e+02
6.89406843e+02 2.74734545e+02
6.90207083e+02 2.78090293e+02
6.91007323e+02 2.81467200e+02
6.91807563e+02 2.84865332e+02
6.92607803e+02 2.88284758e+02
6.93408043e+02 2.91725550e+02
6.94208283e+02 2.95187777e+02
6.95008523e+02 2.98671514e+02
6.95808764e+02 3.02176836e+02
6.96609004e+02 3.05703820e+02
6.97409244e+02 3.09252542e+02
6.98209484e+02 3.12823084e+02
6.99009724e+02 3.16415527e+02
6.99809964e+02 3.20029953e+02
7.00610204e+02 3.23666449e+02
7.01410444e+02 3.27325099e+02
7.02210684e+02 3.31005992e+02
7.03010924e+02 3.34709218e+02
7.03811164e+02 3.38434868e+02
7.04611405e+02 3.42183037e+02
7.05411645e+02 3.45953818e+02
7.06211885e+02 3.49747309e+02
7.07012125e+02 3.53563609e+02
7.07812365e+02 3.57402818e+02
7.08612605e+02 3.61265039e+02
7.09412845e+02 3.65150375e+02
7.10213085e+02 3.69058933e+02
7.11013325e+02 3.72990821e+02
7.11813565e+02 3.76946149e+02
7.12613806e+02 3.80925029e+02
7.13414046e+02 3.84927575e+02
7.14214286e+02 3.88953903e+02
7.15014526e+02 3.93004132e+02
7.15814766e+02 3.97078380e+02
7.16615006e+02 4.01176772e+02
7.17415246e+02 4.05299430e+02
7.18215486e+02 4.09446482e+02
7.19015726e+02 4.13618056e+02
7.19815966e+02 4.17814284e+02
7.20616206e+02 4.22035298e+02
7.21416447e+02 4.26281235e+02
7.22216687e+02 4.30552232e+02
7.23016927e+02 4.34848430e+02
7.23817167e+02 4.39169971e+02
7.24617407e+02 4.43517001e+02
7.25417647e+02 4.47889667e+02
7.26217887e+02 4.52288120e+02
7.27018127e+02 4.56712512e+02
7.27818367e+02 4.61162999e+02
7.28618607e+02 4.65639739e+02
7.29418848e+02 4.70142893e+02
7.30219088e+02 4.74672624e+02
7.31019328e+02 4.79229098e+02
7.31819568e+02 4.83812486e+02
7.32619808e+02 4.88422959e+02
7.33420048e+02 4.93060692e+02
7.34220288e+02 4.97725864e+02
7.35020528e+02 5.02418655e+02
7.35820768e+02 5.07139250e+02
7.36621008e+02 5.11887836e+02
7.37421248e+02 5.16664605e+02
7.38221489e+02 5.21469749e+02
7.39021729e+02 5.26303468e+02
7.39821969e+02 5.31165961e+02
7.40622209e+02 5.36057433e+02
7.41422449e+02 5.40978092e+02
7.42222689e+02 5.45928149e+02
7.43022929e+02 5.50907820e+02
7.43823169e+02 5.55917323e+02
7.44623409e+02 5.60956883e+02
7.45423649e+02 5.66026725e+02
7.46223890e+02 5.71127080e+02
7.47024130e+02 5.76258184e+02
7.47824370e+02 5.81420276e+02
7.48624610e+02 5.86613600e+02
7.49424850e+02 5.91838402e+02
7.50225090e+02 5.97094936e+02
7.51025330e+02 6.02383458e+02
7.51825570e+02 6.07704231e+02
7.52625810e+02 6.13057520e+02
7.53426050e+02 6.18443596e+02
7.54226291e+02 6.23862737e+02
7.55026531e+02 6.29315222e+02
7.55826771e+02 6.34801339e+02
7.56627011e+02 6.40321380e+02
7.57427251e+02 6.45875641e+02
7.58227491e+02 6.51464426e+02
7.59027731e+02 6.57088043e+02
7.59827971e+02 6.62746806e+02
7.60628211e+02 6.68441037e+02
7.61428451e+02 6.74171060e+02
7.62228691e+02 6.79937210e+02
7.63028932e+02 6.85739825e+02
7.63829172e+02 6.91579251e+02
7.64629412e+02 6.97455840e+02
7.65429652e+02 7.03369952e+02
7.66229892e+02 7.09321953e+02
7.67030132e+02 7.15312217e+02
7.67830372e+02 7.21341125e+02
7.68630612e+02 7.27409065e+02
7.69430852e+02 7.33516434e+02
7.70231092e+02 7.39663637e+02
7.71031333e+02 7.45851086e+02
7.71831573e+02 7.52079202e+02
7.72631813e+02 7.58348415e+02
7.73432053e+02 7.64659164e+02
7.74232293e+02 7.71011897e+02
7.75032533e+02 7.77407070e+02
7.75832773e+02 7.83845151e+02
7.76633013e+02 7.90326615e+02
7.77433253e+02 7.96851950e+02
7.78233493e+02 8.03421653e+02
7.79033733e+02 8.10036232e+02
7.79833974e+02 8.16696206e+02
7.80634214e+02 8.23402105e+02
7.81434454e+02 8.30154470e+02
7.82234694e+02 8.36953857e+02
7.83034934e+02 8.43800830e+02
7.83835174e+02 8.50695969e+02
7.84635414e+02 8.57639866e+02
7.85435654e+02 8.64633126e+02
7.86235894e+02 8.71676368e+02
7.87036134e+02 8.78770226e+02
7.87836375e+02 8.85915349e+02
7.88636615e+02 8.93112399e+02
7.89436855e+02 9.00362055e+02
7.90237095e+02 9.07665013e+02
7.91037335e+02 9.15021984e+02
7.91837575e+02 9.22433697e+02
7.92637815e+02 9.29900898e+02
7.93438055e+02 9.37424353e+02
7.94238295e+02 9.45004843e+02
7.95038535e+02 9.52643174e+02
7.95838776e+02 9.60340166e+02
7.96639016e+02 9.68096664e+02
7.97439256e+02 9.75913534e+02
7.98239496e+02 9.83791661e+02
7.99039736e+02 9.91731958e+02
7.99839976e+02 9.99735356e+02
8.00640216e+02 1.00780281e+03
8.01440456e+02 1.01593532e+03
8.02240696e+02 1.02413387e+03
8.03040936e+02 1.03239952e+03
8.03841176e+02 1.04073332e+03
8.04641417e+02 1.04913638e+03
8.05441657e+02 1.05760981e+03
8.06241897e+02 1.06615476e+03
8.07042137e+02 1.07477244e+03
8.07842377e+02 1.08346405e+03
8.08642617e+02 1.09223086e+03
8.09442857e+02 1.10107417e+03
8.10243097e+02 1.10999529e+03
8.11043337e+02 1.11899560e+03
8.11843577e+02 1.12807651e+03
8.12643818e+02 1.13723947e+03
8.13444058e+02 1.14648598e+03
8.14244298e+02 1.15581758e+03
8.15044538e+02 1.16523586e+03
8.15844778e+02 1.17474246e+03
8.16645018e+02 1.18433906e+03
8.17445258e+02 1.19402742e+03
8.18245498e+02 1.20380933e+03
8.19045738e+02 1.21368666e+03
8.19845978e+02 1.22366131e+03
8.20646218e+02 1.23373527e+03
8.21446459e+02 1.24391059e+03
8.22246699e+02 1.25418940e+03
8.23046939e+02 1.26457387e+03
8.23847179e+02 1.27506627e+03
8.24647419e+02 1.28566895e+03
8.25447659e+02 1.29638433e+03
8.26247899e+02 1.30721493e+03
8.27048139e+02 1.31816336e+03
8.27848379e+02 1.32923230e+03
8.28648619e+02 1.34042457e+03
8.29448860e+02 1.35174305e+03
8.30249100e+02 1.36319077e+03
8.31049340e+02 1.37477086e+03
8.31849580e+02 1.38648655e+03
8.32649820e+02 1.39834123e+03
8.33450060e+02 1.41033840e+03
8.34250300e+02 1.42248172e+03
8.35050540e+02 1.43477497e+03
8.35850780e+02 1.44722213e+03
8.36651020e+02 1.45982729e+03
8.37451261e+02 1.47259477e+03
8.38251501e+02 1.48552902e+03
8.39051741e+02 1.49863473e+03
8.39851981e+02 1.51191675e+03
8.40652221e+02 1.52538020e+03
8.41452461e+02 1.53903038e+03
8.42252701e+02 1.55287286e+03
8.43052941e+02 1.56691347e+03
8.43853181e+02 1.58115829e+03
8.44653421e+02 1.59561371e+03
8.45453661e+02 1.61028643e+03
8.46253902e+02 1.62518347e+03
8.47054142e+02 1.64031222e+03
8.47854382e+02 1.65568041e+03
8.48654622e+02 1.67129619e+03
8.49454862e+02 1.68716813e+03
8.50255102e+02 1.70330527e+03
8.51055342e+02 1.71971711e+03
8.51855582e+02 1.73641369e+03
8.52655822e+02 1.75340561e+03
8.53456062e+02 1.77070406e+03
8.54256303e+02 1.78832087e+03
8.55056543e+02 1.80626859e+03
8.55856783e+02 1.82456048e+03
8.56657023e+02 1.84321066e+03
8.57457263e+02 1.86223406e+03
8.58257503e+02 1.88164659e+03
8.59057743e+02 1.90146519e+03
8.59857983e+02 1.92170787e+03
8.60658223e+02 1.94239388e+03
8.61458463e+02 1.96354375e+03
8.62258703e+02 1.98517946e+03
8.63058944e+02 2.00732452e+03
8.63859184e+02 2.03000418e+03
8.64659424e+02 2.05324552e+03
8.65459664e+02 2.07707769e+03
8.66259904e+02 2.10153208e+03
8.67060144e+02 2.12664257e+03
8.67860384e+02 2.15244578e+03
8.68660624e+02 2.17898134e+03
8.69460864e+02 2.20629229e+03
8.70261104e+02 2.23442539e+03
8.71061345e+02 2.26343156e+03
8.71861585e+02 2.29336642e+03
8.72661825e+02 2.32429083e+03
8.73462065e+02 2.35627152e+03
8.74262305e+02 2.38938188e+03
8.75062545e+02 2.42370287e+03
8.75862785e+02 2.45932397e+03
8.76663025e+02 2.49634449e+03
8.77463265e+02 2.53487493e+03
8.78263505e+02 2.57503872e+03
8.79063745e+02 2.61697424e+03
8.79863986e+02 2.66083726e+03
8.80664226e+02 2.70680393e+03
8.81464466e+02 2.75507435e+03
8.82264706e+02 2.80587701e+03
8.83064946e+02 2.85947430e+03
8.83865186e+02 2.91616925e+03
8.84665426e+02 2.97631408e+03
8.85465666e+02 3.04032072e+03
8.86265906e+02 3.10867411e+03
8.87066146e+02 3.18194840e+03
8.87866387e+02 3.26082659e+03
8.88666627e+02 3.34612314e+03
8.89466867e+02 3.43880777e+03
8.90267107e+02 3.54002561e+03
8.91067347e+02 3.65110257e+03
8.91867587e+02 3.77351371e+03
8.92667827e+02 3.90877175e+03
8.93468067e+02 4.05816131e+03
8.94268307e+02 4.22219967e+03
8.95068547e+02 4.39966544e+03
8.95868788e+02 4.58606894e+03
8.96669028e+02 4.77173362e+03
8.97469268e+02 4.94061213e+03
8.98269508e+02 5.07291163e+03
8.99069748e+02 5.15593216e+03
8.99869988e+02 5.20084127e+03
9.00670228e+02 5.24491130e+03
9.01470468e+02 5.32478234e+03
9.02270708e+02 5.45217347e+03
9.03070948e+02 5.61797312e+03
9.03871188e+02 5.80702331e+03
9.04671429e+02 6.00669798e+03
9.05471669e+02 6.20885971e+03
9.06271909e+02 6.40904491e+03
9.07072149e+02 6.60516276e+03
9.07872389e+02 6.79646818e+03
9.08672629e+02 6.98290625e+03
9.09472869e+02 7.16473814e+03
9.10273109e+02 7.34234409e+03
9.11073349e+02 7.51612717e+03
9.11873589e+02 7.68647058e+03
9.12673830e+02 7.85372190e+03
9.13474070e+02 8.01818991e+03
9.14274310e+02 8.18014687e+03
9.15074550e+02 8.33983260e+03
9.15874790e+02 8.49745898e+03
9.16675030e+02 8.65321401e+03
9.17475270e+02 8.80726543e+03
9.18275510e+02 8.95976372e+03
9.19075750e+02 9.11084459e+03
9.19875990e+02 9.26063109e+03
9.20676230e+02 9.40923535e+03
9.21476471e+02 9.55676001e+03
9.22276711e+02 9.70329947e+03
9.23076951e+02 9.84894088e+03
9.23877191e+02 9.99376506e+03
9.24677431e+02 1.01378472e+04
9.25477671e+02 1.02812576e+04
9.26277911e+02 1.04240620e+04
9.27078151e+02 1.05663223e+04
9.27878391e+02 1.07080970e+04
9.28678631e+02 1.08494414e+04
9.29478872e+02 1.09904079e+04
9.30279112e+02 1.11310466e+04
9.31079352e+02 1.12714051e+04
9.31879592e+02 1.14115292e+04
9.32679832e+02 1.15514628e+04
9.33480072e+02 1.16912483e+04
9.34280312e+02 1.18309264e+04
9.35080552e+02 1.19705367e+04
9.35880792e+02 1.21101176e+04
9.36681032e+02 1.22497066e+04
9.37481273e+02 1.23893401e+04
9.38281513e+02 1.25290538e+04
9.39081753e+02 1.26688828e+04
9.39881993e+02 1.28088615e+04
9.40682233e+02 1.29490239e+04
9.41482473e+02 1.30894035e+04
9.42282713e+02 1.32300336e+04
9.43082953e+02 1.33709472e+04
9.43883193e+02 1.35121772e+04
9.44683433e+02 1.36537563e+04
9.45483673e+02 1.37957173e+04
9.46283914e+02 1.39380930e+04
9.47084154e+02 1.40809164e+04
9.47884394e+02 1.42242207e+04
9.48684634e+02 1.43680393e+04
9.49484874e+02 1.45124060e+04
9.50285114e+02 1.46573551e+04
9.51085354e+02 1.48029214e+04
9.51885594e+02 1.49491400e+04
9.52685834e+02 1.50960471e+04
9.53486074e+02 1.52436793e+04
9.54286315e+02 1.53920742e+04
9.55086555e+02 1.55412703e+04
9.55886795e+02 1.56913070e+04
9.56687035e+02 1.58422249e+04
9.57487275e+02 1.59940660e+04
9.58287515e+02 1.61468732e+04
9.59087755e+02 1.63006913e+04
9.59887995e+02 1.64555664e+04
9.60688235e+02 1.66115465e+04
9.61488475e+02 1.67686814e+04
9.62288715e+02 1.69270229e+04
9.63088956e+02 1.70866252e+04
9.63889196e+02 1.72475446e+04
9.64689436e+02 1.74098404e+04
9.65489676e+02 1.75735745e+04
9.66289916e+02 1.77388120e+04
9.67090156e+02 1.79056214e+04
9.67890396e+02 1.80740750e+04
9.68690636e+02 1.82442491e+04
9.69490876e+02 1.84162243e+04
9.70291116e+02 1.85900864e+04
9.71091357e+02 1.87659262e+04
9.71891597e+02 1.89438406e+04
9.72691837e+02 1.91239331e+04
9.73492077e+02 1.93063143e+04
9.74292317e+02 1.94911028e+04
9.75092557e+02 1.96784260e+04
9.75892797e+02 1.98684214e+04
9.76693037e+02 2.00612375e+04
9.77493277e+02 2.02570353e+04
9.78293517e+02 2.04559898e+04
9.79093758e+02 2.06582919e+04
9.79893998e+02 2.08641507e+04
9.80694238e+02 2.10737956e+04
9.81494478e+02 2.12874800e+04
9.82294718e+02 2.15054845e+04
9.83094958e+02 2.17281214e+04
9.83895198e+02 2.19557401e+04
9.84695438e+02 2.21887335e+04
9.85495678e+02 2.24275464e+04
9.86295918e+02 2.26726854e+04
9.87096158e+02 2.29247318e+04
9.87896399e+02 2.31843584e+04
9.88696639e+02 2.34523508e+04
9.89496879e+02 2.37296359e+04
9.90297119e+02 2.40173207e+04
9.91097359e+02 2.43167448e+04
9.91897599e+02 2.46295557e+04
9.92697839e+02 2.49578168e+04
9.93498079e+02 2.53041697e+04
9.94298319e+02 2.56720875e+04
9.95098559e+02 2.60662896e+04
9.95898800e+02 2.64934664e+04
9.96699040e+02 2.69636691e+04
9.97499280e+02 2.74933442e+04
9.98299520e+02 2.81134390e+04
9.99099760e+02 2.89000770e+04
9.99900000e+02 3.02898429e+04
