# t = 1
# W = 300
# L = 100
# xic = 1.1516471649044517
# plate_distance = 18.426354638471228
# E_dis = 0.00037699111843077514
# E_img = 1.0854018818374016
# omB0 = 0.37699111843077515
# iter_dis = 1
# Ncore = 5
arrE G0 GIMG
1.1309733552923253 5.9999972451332475 5.999997244571429
1.1318340656083774 5.999996662462569 5.999997251277846
1.1326947759244295 5.999995972198348 5.999997101733644
1.1335554862404813 5.999995283268206 5.999996829123929
1.1344161965565334 5.999994690205572 5.999996481968663
1.1352769068725854 5.999994262743483 5.999996117400629
1.1361376171886375 5.99999403504566 5.999995792392491
1.1369983275046895 5.99999399300016 5.999995553330409
1.1378590378207414 5.999994055609049 5.999995423828174
1.1387197481367934 5.999994044533469 5.999995389164317
1.1395804584528455 5.999993651299483 5.999995370685719
1.1404411687688973 5.999992506636722 5.999995161332441
1.1413018790849494 5.999990452356381 5.999994118464895
1.1421625894010015 5.99999040981498 5.999992049662974
1.1430232997170533 5.999991763481725 5.999993131142301
1.1438840100331054 5.999992460468795 5.999993676806864
1.1447447203491574 5.999993206784792 5.999994209831041
1.1456054306652095 5.999994050366542 5.999994820735396
1.1464661409812615 5.9999949282502385 5.999995502029193
1.1473268512973134 5.999995749017133 5.999996207190236
1.1481875616133654 5.999996420115068 5.999996874133887
1.1490482719294175 5.999996871703964 5.999997439155461
1.1499089822454693 5.999997094451982 5.999997846785556
1.1507696925615214 5.999997135944959 5.99999805691838
1.1516304028775735 5.999997014777599 5.999998049516372
1.1524911131936253 5.999996693117173 5.999997826932353
1.1533518235096774 5.99999614023996 5.999997413877369
1.1542125338257294 5.999995384255856 5.999996855127299
1.1550732441417815 5.999994561329283 5.999996211125031
1.1559339544578335 5.9999939363862085 5.999995551626723
1.1567946647738854 5.999993665182196 5.99999494734693
1.1576553750899374 5.999993565573796 5.999994458814899
1.1585160854059895 5.999993414301544 5.999994119018089
1.1593767957220413 5.999993072762444 5.999993894464176
1.1602375060380934 5.9999921029973855 5.999993512040732
1.1610982163541452 5.999992626304278 5.99999402844005
1.1619589266701973 5.999993900506629 5.999995302045383
1.1628196369862493 5.999993766107703 5.999995484667916
1.1636803473023014 5.9999937201516715 5.999995459607165
1.1645410576183535 5.9999940145129305 5.999995454532213
1.1654017679344053 5.9999941588053005 5.99999555766992
1.1662624782504574 5.999994691654379 5.999995794687978
1.1671231885665094 5.999995261735873 5.9999961544538545
1.1679838988825615 5.999995933905236 5.9999966021126925
1.1688446091986133 5.999996528757069 5.999997087981999
1.1697053195146654 5.999997100349583 5.999997554698511
1.1705660298307172 5.99999746680154 5.999997943321931
1.1714267401467693 5.999997591616095 5.999998198497119
1.1722874504628213 5.999997463345884 5.999998272548609
1.1731481607788734 5.999997013870681 5.999998128293688
1.1740088710949255 6.999978408823915 5.9999977403337885
1.1748695814109773 6.999891439145717 5.9999970945742165
1.1757302917270294 6.9999255202259905 5.999996185690977
1.1765910020430814 6.999858596837013 5.999995012029935
1.1774517123591333 6.999932900808297 5.999993565607331
1.1783124226751853 6.999945944947605 5.99999179873966
1.1791731329912374 6.999770381174977 5.999989266704701
1.1800338433072892 6.999938993850047 5.9999909011885455
1.1808945536233413 6.999855676745977 5.999995660866235
1.1817552639393933 6.999924866870757 5.999996868079635
1.1826159742554454 6.99989966748704 5.9999972970201885
1.1834766845714975 6.9999903886873165 5.999997344079816
1.1843373948875493 6.999925789371814 6.024341352860807
1.1851981052036014 6.999917591521553 6.251892083645012
1.1860588155196534 6.999973534163453 6.541960182906802
1.1869195258357053 6.999958266635003 6.6518514884558195
1.1877802361517573 6.999947227836712 6.759906495370417
1.1886409464678092 6.999974873525736 6.813205541963767
1.1895016567838612 6.999969120889756 6.864930313571401
1.1903623670999133 6.99993692990838 6.923520058910515
1.1912230774159653 6.999944338701085 6.985706351528832
1.1920837877320174 6.999983597995934 6.987106225511924
1.1929444980480692 6.999993295101214 6.961038772508941
1.1938052083641213 6.999962750341638 6.998144159777989
1.1946659186801734 6.9999390710771205 6.996950416948905
1.1955266289962254 6.999949139252795 6.999247023223602
1.1963873393122773 6.999965532439947 6.999498977098266
1.1972480496283293 6.999953955670182 6.999503892403538
1.1981087599443812 6.999922933910153 6.99770594747229
1.1989694702604332 6.999920651742814 6.999312512800059
1.1998301805764853 6.999961887777815 6.999669369983804
1.2006908908925373 6.999952046252197 6.999761099637668
1.2015516012085894 6.999934976810439 6.999430971715183
1.2024123115246412 6.999941466857135 6.99919081314897
1.2032730218406933 6.999967754685893 6.9994269508709195
1.2041337321567454 6.999991832243549 6.999747606435159
1.2049944424727974 6.99999740036007 6.999790372341049
1.2058551527888492 6.999985724710091 6.999792739117479
1.2067158631049013 6.999970307478914 6.99991190721993
1.2075765734209531 6.999963699953603 6.999759988670731
1.2084372837370052 6.999968586211064 6.999869502850717
1.2092979940530573 6.9999784600185615 6.999865490278533
1.2101587043691093 6.999984799062081 6.999977462931445
1.2110194146851614 6.999983897291945 6.999951657961847
1.2118801250012132 6.999978522924031 6.999952650461334
1.2127408353172653 6.99997432783658 6.999952828464727
1.2136015456333173 6.999974592230534 6.999939029592892
1.2144622559493692 6.999977379631661 6.999870204889057
1.2153229662654212 6.999976963703338 6.999825936827652
1.216183676581473 6.99996850983627 6.999925454302844
1.2170443868975251 6.999953026441297 6.999806921866114
1.2179050972135772 6.99994288586452 6.999807557033935
1.2187658075296293 6.9999521724836615 6.999903124149308
1.2196265178456813 6.999986820826206 6.999888028007858
1.2204872281617332 6.999991599312435 6.999932942896318
1.2213479384777852 6.99998412865659 6.999967996244756
1.2222086487938373 6.999973672275636 6.999956793283776
1.2230693591098893 6.999967221407709 6.999967553779357
1.2239300694259412 6.9999679019631635 6.999979941178325
1.2247907797419932 6.999974765705281 6.999958401252591
1.225651490058045 6.999984201316681 6.999983001660864
1.2265122003740971 6.999992059764865 6.999958609943041
1.2273729106901492 6.99999549798457 6.999988788631899
1.2282336210062013 6.999993954929949 6.999983222641828
1.2290943313222533 6.999989010331046 6.999961873518327
1.2299550416383054 6.999983366642989 6.999980798721507
1.2308157519543572 6.999979576436256 6.999993736969648
1.2316764622704093 6.99997898563567 6.9999713078141745
1.2325371725864613 6.999981095783734 6.999953504417427
1.2333978829025132 6.999983962907723 6.999967755944682
1.2342585932185652 6.999985411425784 6.999987503527158
1.235119303534617 6.999983923926253 6.999980171016049
1.2359800138506691 6.999978842933005 6.999953747217812
1.2368407241667212 6.999972681250006 6.999944062059287
1.2377014344827733 6.999965411916139 6.9999654375334925
1.2385621447988253 6.999971825145827 6.999981250318308
1.2394228551148772 6.999979780575977 6.999964901750775
1.2402835654309292 6.999982062986758 6.999959586615424
1.2411442757469813 6.9999821122109624 6.999968859734917
1.2420049860630333 6.999982402851064 6.99998122572905
1.2428656963790852 6.999983592311073 6.99998713281268
1.2437264066951372 6.999986304696804 6.999985982774035
1.244587117011189 6.999989660015845 6.999983073821249
1.2454478273272411 6.999992751458728 6.999983039720589
1.2463085376432932 6.999994502914913 6.999986124313108
1.2471692479593453 6.999994250693477 6.99998916797105
1.248029958275397 6.9999919637669965 6.999989123794983
1.2488906685914491 6.999988228405438 6.999985770345035
1.2497513789075012 7.999971660423385 6.999981753700663
1.2506120892235533 7.999856202251435 6.999980382777932
1.2514727995396053 7.999901522766034 6.999983041726949
1.2523335098556572 7.999858938708307 6.99998802941538
1.253194220171709 7.999846523546238 6.999991491469324
1.254054930487761 7.999887973990641 6.999989770140264
1.2549156408038131 7.999883588860402 6.9999816865768585
1.2557763511198652 7.9998072395152295 6.999971855752944
1.2566370614359172 7.999920564188143 6.999962877278057
1.2574977717519693 7.999862809699439 6.999957093819812
1.2583584820680211 7.9999179341274305 6.999984284748629
1.2592191923840732 7.999957282355922 6.9999890792788
1.2600799027001253 7.999891385017936 7.881450585509547
1.260940613016177 7.999936635011091 7.285179105443353
1.2618013233322292 7.999971421497512 7.498310177677165
1.262662033648281 7.9999452654418235 7.659370501005523
1.263522743964333 7.999955212696788 7.745094226091527
1.2643834542803851 7.999975551670819 7.828752159346456
1.2652441645964372 7.999950028175618 7.865556139400572
1.2661048749124892 7.999926594296052 7.897535452530708
1.266965585228541 7.999952405330876 7.967192882240252
1.2678262955445931 7.999986319004523 7.993735120580518
1.2686870058606452 7.999977431916667 7.97439624820114
1.2695477161766973 7.999944434444945 7.998101863255687
1.270408426492749 7.999935489418582 7.997805868426688
1.2712691368088012 7.999954174478599 7.999741520741715
1.272129847124853 7.999962091543166 7.999952050072339
1.272990557440905 7.999939882040368 7.998634930430269
1.2738512677569571 7.999915600217782 7.996591549733412
1.2747119780730092 7.999920018783298 7.995877110517884
1.275572688389061 7.999952232527075 7.998492306176402
1.276433398705113 7.999930441158705 7.999915044744285
1.2772941090211651 7.999919103037261 7.99918196848869
1.2781548193372172 7.999941461120059 7.999195781561671
1.2790155296532693 7.999971058315522 7.999736391109111
1.279876239969321 7.99998910563856 7.999532058970565
1.2807369502853732 7.999986826525037 7.999767039945116
1.281597660601425 7.9999721554025465 7.999696689493684
1.282458370917477 7.999959912576368 7.999914244067605
1.2833190812335291 7.999959193991155 7.999913524343683
1.2841797915495812 7.999968247626005 7.9998979375182495
1.2850405018656332 7.999978544871764 7.999874217064827
1.285901212181685 7.999982704785954 7.9997766545949665
1.2867619224977371 7.999979643924747 7.999969820122259
1.2876226328137892 7.999973917851649 7.999779718196087
1.2884833431298413 7.999970947290865 7.999905349735024
1.289344053445893 7.999972320581451 7.999857595154161
1.290204763761945 7.999974587417915 7.99980425942361
1.291065474077997 7.999972121334632 7.999966797243633
1.291926184394049 7.999961867151192 7.999923531658235
1.292786894710101 7.999946710981999 7.999844546713869
1.2936476050261532 7.999935020544959 7.999790947779116
1.294508315342205 7.999968303434599 7.999817373365537
1.295369025658257 7.999985997407481 7.999891516303218
1.2962297359743091 7.99998259660846 7.999951360474526
1.2970904462903612 7.999966754572075 7.999929341346918
1.297951156606413 7.99995870721519 7.999934881906484
1.298811866922465 7.9999564082677335 7.999942297302007
1.299672577238517 7.999961740296322 7.999956981327614
1.300533287554569 7.999972263558278 7.999973455583963
1.301393997870621 7.999983553667713 7.999967289045484
1.302254708186673 7.999991505816967 7.999966299770481
1.303115418502725 7.999993990521035 7.9999923223004075
1.303976128818777 7.999991363862805 7.999968526369909
1.304836839134829 7.999985862862543 7.999961956636331
1.3056975494508811 7.99998034416062 7.999985608717606
1.3065582597669332 7.99997699363022 7.99998258183012
1.307418970082985 7.999976531806867 7.999955875701689
1.308279680399037 7.9999781558946585 7.999951619994274
1.309140390715089 7.999980131318345 7.999974269191355
1.310001101031141 7.999980699908204 7.999986519192335
1.310861811347193 7.999978878750725 7.9999694823406164
1.311722521663245 7.999974776598654 7.9999466809326645
1.3125832319792972 7.999969102764956 7.999949534978346
1.313443942295349 7.999958597469874 7.999973937509064
1.314304652611401 7.9999752280415 7.99997005993549
1.3151653629274531 7.999978442815326 7.999952613131529
1.3160260732435052 7.999975096544497 7.999949899938592
1.316886783559557 7.999968741668147 7.999963351705802
1.317747493875609 7.999972179315201 7.999978752385147
1.318608204191661 7.999976366188988 7.999983475348894
1.319468914507713 7.999981529157413 7.9999815728387995
