# t = 1
# W = 300
# L = 100
# xic = 1.1516471649044517
# plate_distance = 18.426354638471228
# E_dis = 0.00037699111843077514
# E_img = 6.51241129102441
# omB0 = 0.37699111843077515
# iter_dis = 1
# Ncore = 5
arrE G0 GIMG
1.1309733552923253 5.999997246230188 5.9999723802750955
1.1318340656083774 5.999996663522639 5.999966265055115
1.1326947759244295 5.999995973100136 5.9999735136218435
1.1335554862404813 5.999995283900613 5.999982423613692
1.1344161965565334 5.999994690498746 5.9999805066542065
1.1352769068725854 5.999994262701083 5.999970307087275
1.1361376171886375 5.999994034784024 5.999981064545899
1.1369983275046895 5.999993992798369 5.999976663363397
1.1378590378207414 5.999994055972674 5.99997132556575
1.1387197481367934 5.9999940462180605 5.99996661039943
1.1395804584528455 5.9999936550265085 5.999975265953172
1.1404411687688973 5.999992511908894 5.999959835204308
1.1413018790849494 5.999990455953843 5.99993367536492
1.1421625894010015 5.999990409448751 5.999915163677151
1.1430232997170533 5.999991762573665 5.9999413578344285
1.1438840100331054 5.999992459201512 5.999952562535196
1.1447447203491574 5.999993205395722 5.999956137931167
1.1456054306652095 5.999994049112456 5.99996086717758
1.1464661409812615 5.9999949274123 5.999967305973962
1.1473268512973134 5.999995748916806 5.999972998334707
1.1481875616133654 5.9999964210844405 5.999979568232229
1.1490482719294175 5.999996873899775 5.999987126888429
1.1499089822454693 5.999997097574699 5.999986482326245
1.1507696925615214 5.999997139293142 5.999974888764069
1.1516304028775735 5.99999701767414 5.9999702758328
1.1524911131936253 5.999996695118435 5.99998915191266
1.1533518235096774 5.999996141020562 5.999971735002231
1.1542125338257294 5.999995383485575 5.999970803283378
1.1550732441417815 5.999994558793297 5.999978176282045
1.1559339544578335 5.999993932386806 5.999961948663437
1.1567946647738854 5.999993660507347 5.9999509332365415
1.1576553750899374 5.999993560886775 5.999985282794986
1.1585160854059895 5.999993410158619 5.999927811948411
1.1593767957220413 5.999993070568677 5.999856214601649
1.1602375060380934 5.999992106865939 5.999785192944994
1.1610982163541452 5.999992637589047 5.999798390815643
1.1619589266701973 5.999993907027112 5.99986384244244
1.1628196369862493 5.999993768689122 5.9998885899889105
1.1636803473023014 5.999993720207971 5.999904693234885
1.1645410576183535 5.999994011102774 5.9999454453707175
1.1654017679344053 5.9999941525621585 5.9999894203042015
1.1662624782504574 5.999994685307995 5.999940752378276
1.1671231885665094 5.999995253366251 5.999963428100114
1.1679838988825615 5.999995926960555 5.999953875100767
1.1688446091986133 5.999996521686168 5.999987146871776
1.1697053195146654 5.999997094920376 5.999930407357096
1.1705660298307172 5.999997463760681 5.999927865341062
1.1714267401467693 5.99999759004572 5.999924957117357
1.1722874504628213 5.999997464869359 5.999916234415951
1.1731481607788734 5.999997013178713 5.999893704388444
1.1740088710949255 6.9999850847828915 5.999939987806054
1.1748695814109773 6.999890138852376 5.99994647024326
1.1757302917270294 6.999925757768439 5.999875624481339
1.1765910020430814 6.999858560468282 5.999832478042503
1.1774517123591333 6.999932528513863 5.999929575139847
1.1783124226751853 6.999946170570039 5.999946255475787
1.1791731329912374 6.999770823806363 5.999563946520049
1.1800338433072892 6.999938406052997 5.999610225835409
1.1808945536233413 6.99985629295935 5.9999447661806276
1.1817552639393933 6.999924563839134 5.999822032297715
1.1826159742554454 6.999900053018153 5.999768144390988
1.1834766845714975 6.999990455280076 5.99979804597086
1.1843373948875493 6.999925567410405 5.999818783215065
1.1851981052036014 6.9999178259786055 5.999984916021216
1.1860588155196534 6.999973620102228 5.999872284335047
1.1869195258357053 6.99995817141137 5.999857322515873
1.1877802361517573 6.999947334144166 5.999923585638654
1.1886409464678092 6.999974976817319 5.999926926955394
1.1895016567838612 6.999969024178953 5.9999737692481165
1.1903623670999133 6.999936882101247 5.999978980526967
1.1912230774159653 6.999944495091746 5.999923822512851
1.1920837877320174 6.999983743149744 5.999920338572994
1.1929444980480692 6.999993246435064 5.999823344722216
1.1938052083641213 6.99996263886668 5.999816426213475
1.1946659186801734 6.999939099950742 5.999777934330264
1.1955266289962254 6.999949282076104 5.999864713409832
1.1963873393122773 6.999965605163669 5.999808875168029
1.1972480496283293 6.99995389978358 5.999945959520964
1.1981087599443812 6.999922903580037 5.999919612517869
1.1989694702604332 6.999920811596111 5.999734588167185
1.1998301805764853 6.999961968301451 5.999954753324842
1.2006908908925373 6.999951982555836 5.999874100292571
1.2015516012085894 6.999934923747548 5.999970636924667
1.2024123115246412 6.9999414968247855 5.999917835075398
1.2032730218406933 6.999967830817532 5.9999652340134615
1.2041337321567454 6.999991882390915 5.9999876606105955
1.2049944424727974 6.999997394230973 5.9999640670791035
1.2058551527888492 6.999985689506012 5.999967387154337
1.2067158631049013 6.999970289691798 5.99998049684129
1.2075765734209531 6.999963721104206 5.999981619628656
1.2084372837370052 6.999968630048715 5.9999881837294575
1.2092979940530573 6.999978493363597 5.999992587228853
1.2101587043691093 6.999984802081607 5.999994349332899
1.2110194146851614 6.999983877690573 5.999986483486855
1.2118801250012132 6.999978506058069 5.999993424233536
1.2127408353172653 6.999974334056274 5.999995651151345
1.2136015456333173 6.999974620271102 5.99999520863549
1.2144622559493692 6.999977408073594 5.999994123060219
1.2153229662654212 6.999976968367995 5.999990610313556
1.216183676581473 6.999968483835201 5.999991957834964
1.2170443868975251 6.999952989892206 5.999991847273056
1.2179050972135772 6.999942889456075 5.999987542943553
1.2187658075296293 6.999952271067839 5.9999944415059305
1.2196265178456813 6.999986861972007 5.999994363253227
1.2204872281617332 6.999991587327953 5.999992300268567
1.2213479384777852 6.999984088684191 5.999994091462021
1.2222086487938373 6.999973635644439 5.9999968562105765
1.2230693591098893 6.999967209647466 5.999997369567142
1.2239300694259412 6.999967919195389 5.999996336590232
1.2247907797419932 6.999974800501016 5.999995920903237
1.225651490058045 6.999984235055227 5.999996812598748
1.2265122003740971 6.999992076747173 5.99999930054472
1.2273729106901492 6.99999549244139 6.002646793171931
1.2282336210062013 6.9999939321742985 6.971502694239509
1.2290943313222533 6.99998898267544 6.280395784506703
1.2299550416383054 6.999983346862855 6.144403926763012
1.2308157519543572 6.999979572099032 6.948379359347221
1.2316764622704093 6.999978996493807 6.223689224757958
1.2325371725864613 6.999981114337112 6.998798703519603
1.2333978829025132 6.999983978005096 6.3063671875697835
1.2342585932185652 6.9999854139851365 6.700963528846386
1.235119303534617 6.999983912550592 6.537101882780773
1.2359800138506691 6.99997882664428 6.436171958251575
1.2368407241667212 6.9999726693308 6.992869670597083
1.2377014344827733 6.9999654162334055 6.509692518823297
1.2385621447988253 6.999971847628654 6.64175294696597
1.2394228551148772 6.999979787677933 6.932545121182806
1.2402835654309292 6.999982052920353 6.54769426392098
1.2411442757469813 6.999982092974799 6.751393330665568
1.2420049860630333 6.999982382275351 6.918823925820222
1.2428656963790852 6.9999835762373985 6.612125810050478
1.2437264066951372 6.99998629728088 6.812499443139455
1.244587117011189 6.999989660859014 6.931400332265588
1.2454478273272411 6.999992756435336 6.676305880805166
1.2463085376432932 6.9999945083451145 6.849187103325066
1.2471692479593453 6.999994254334571 6.946238529703561
1.248029958275397 6.999991962129343 6.730269524904285
1.2488906685914491 6.999988226452104 6.87421457278186
1.2497513789075012 7.999972250705099 6.96048898476883
1.2506120892235533 7.999857325399474 6.775462246889517
1.2514727995396053 7.9999016385464845 6.894166917720227
1.2523335098556572 7.99985943966724 6.971346672464047
1.253194220171709 7.999846723677999 6.814478802931685
1.254054930487761 7.999887476042334 6.914562696880141
1.2549156408038131 7.999884409150666 6.9768340598206855
1.2557763511198652 7.999807080835024 6.842730942849458
1.2566370614359172 7.999920816102374 6.929479222250537
1.2574977717519693 7.999862639502427 6.98236125347993
1.2583584820680211 7.999918380277728 6.8777209076081
1.2592191923840732 7.999957082298288 6.949389073532348
1.2600799027001253 7.999891361119191 6.98196640442139
1.260940613016177 7.999936893955675 6.894071217623562
1.2618013233322292 7.9999713816037525 6.962273025905186
1.262662033648281 7.999945232791898 6.981634252476494
1.263522743964333 7.999955361082016 6.91801590846055
1.2643834542803851 7.999975563737949 6.9813104017460885
1.2652441645964372 7.999949905331356 6.972940612028709
1.2661048749124892 7.999926629771302 6.931184076463821
1.266965585228541 7.999952591377267 6.992187552173224
1.2678262955445931 7.999986390833044 6.967676878118176
1.2686870058606452 7.999977329956485 6.950946296041282
1.2695477161766973 7.99994436481334 6.998637792289654
1.270408426492749 7.999935581170052 6.962617169342412
1.2712691368088012 7.999954307629374 6.971081790629717
1.272129847124853 7.999962101682269 6.996809535223577
1.272990557440905 7.999939806016807 6.961800370306608
1.2738512677569571 7.999915632337589 6.9883599954427105
1.2747119780730092 7.999920259099787 6.988777015642781
1.275572688389061 7.99995223400349 6.970325982202386
1.276433398705113 7.9999303647764135 6.998756439437415
1.2772941090211651 7.999919082261754 6.981707965149128
1.2781548193372172 7.999941515600682 6.984730639173422
1.2790155296532693 7.99997112701228 6.998513113040679
1.279876239969321 7.999989128009054 6.981167348187463
1.2807369502853732 7.999986798435053 6.996577797886248
1.281597660601425 7.99997211865384 6.99148883036009
1.282458370917477 7.999959908041801 6.9874143332517855
1.2833190812335291 7.999959227286237 6.999662055352876
1.2841797915495812 7.999968291587313 6.9861988894562295
1.2850405018656332 7.999978567896574 6.996862765495711
1.285901212181685 7.999982697172268 6.99433459052422
1.2867619224977371 7.999979622281276 6.991705219011317
1.2876226328137892 7.9999739080213965 6.999499199024842
1.2884833431298413 7.999970961902709 6.991413513607387
1.289344053445893 7.999972348849678 6.999494287274825
1.290204763761945 7.999974604084641 6.993656799209462
1.291065474077997 7.999972107821766 6.996675180117622
1.291926184394049 7.999961830137295 6.997561360052886
1.292786894710101 7.999946685784116 6.994680644498133
1.2936476050261532 7.999935058310285 6.9996154419850525
1.294508315342205 7.999968380587064 6.994785952279102
1.295369025658257 7.99998601461276 6.999810670296995
1.2962297359743091 7.99998256523919 6.995932661911504
1.2970904462903612 7.99996670568155 6.999365373678214
1.297951156606413 7.999958675704405 6.9978610337718825
1.298811866922465 7.999956407518472 6.9987727931947195
1.299672577238517 7.999961766349203 6.998944115250285
1.300533287554569 7.999972300028111 6.998490114241032
1.301393997870621 7.999983581574178 6.999513564819158
1.302254708186673 7.999991512733732 6.998457695405701
1.303115418502725 7.999993975212747 7.031517997867561
1.303976128818777 7.999991335249433 7.079201989663286
1.304836839134829 7.999985834714445 7.591690295626504
1.3056975494508811 7.999980328426323 7.228792439672076
1.3065582597669332 7.999976995385066 7.347710760115998
1.307418970082985 7.999976547720361 7.345622318983099
1.308279680399037 7.999978176467509 7.58366029338711
1.309140390715089 7.9999801456342166 7.332676849594359
1.310001101031141 7.999980700802198 7.9934584189021205
1.310861811347193 7.999978866320242 7.397687042669518
1.311722521663245 7.999974758775856 7.627575374967196
1.3125832319792972 7.999969093025546 7.7912739825248165
1.313443942295349 7.999958615428804 7.4821621214220775
1.314304652611401 7.999975242581326 7.87523277494648
1.3151653629274531 7.999978438629084 7.718868469178529
1.3160260732435052 7.999975075905804 7.5582232340505415
1.316886783559557 7.999968719687058 7.944787394638701
1.317747493875609 7.999972165821416 7.7452898846388365
1.318608204191661 7.999976362897597 7.631957129580464
1.319468914507713 7.999981535291717 7.963712855847224
