# t = 1
# W = 300
# L = 100
# xic = 1.1516471649044517
# plate_distance = 18.426354638471228
# E_dis = 0.00037699111843077514
# E_img = 2.170803763674803
# omB0 = 0.37699111843077515
# iter_dis = 1
# Ncore = 5
arrE G0 GIMG
1.1309733552923253 5.9999972364844005 5.999996142511365
1.1318340656083774 5.9999966515797984 5.9999962869028405
1.1326947759244295 5.999995960831764 5.999996612794098
1.1335554862404813 5.999995273179497 5.999997057236635
1.1344161965565334 5.999994682954169 5.999997523122014
1.1352769068725854 5.999994259491635 5.99999789442367
1.1361376171886375 5.9999940363888555 5.999998053231949
1.1369983275046895 5.99999399881801 5.999997896155097
1.1378590378207414 5.999994064916658 5.999997347404534
1.1387197481367934 5.999994055303704 5.99999636520411
1.1395804584528455 5.999993660350973 5.999994935190425
1.1404411687688973 5.999992510164429 5.999993028780547
1.1413018790849494 5.999990446352936 5.999990367872912
1.1421625894010015 5.999990383446904 5.999991218461237
1.1430232997170533 5.999991743567703 5.999995018133818
1.1438840100331054 5.999992448220283 5.999996793909999
1.1447447203491574 5.999993201652852 5.999997641131612
1.1456054306652095 5.999994050988657 5.999997900895045
1.1464661409812615 5.99999493283984 5.999997787860498
1.1473268512973134 5.999995755624906 5.999997472680693
1.1481875616133654 5.999996426834829 5.999997096121916
1.1490482719294175 5.999996876935869 5.9999967679990585
1.1499089822454693 5.999997097235073 5.999996563450286
1.1507696925615214 5.999997135874905 5.999996520654037
1.1516304028775735 5.999997011570593 5.99999664142824
1.1524911131936253 5.999996686641375 5.999996894976618
1.1533518235096774 5.999996130798153 5.999997224374208
1.1542125338257294 5.999995372839655 5.999997554950025
1.1550732441417815 5.999994550042543 5.999997803409422
1.1559339544578335 5.999993928073102 5.999997886260736
1.1567946647738854 5.999993660961163 5.999997725641681
1.1576553750899374 5.999993564846255 5.999997249306678
1.1585160854059895 5.999993417042536 5.999996376468092
1.1593767957220413 5.999993079350582 5.999994955092441
1.1602375060380934 5.9999921135070435 5.999992338813217
1.1610982163541452 5.999992623223432 5.999992403560833
1.1619589266701973 5.999993888840123 5.999994681081283
1.1628196369862493 5.999993749501707 5.999995938002083
1.1636803473023014 5.9999937065977145 5.999996727303778
1.1645410576183535 5.999994001547747 5.999997205126705
1.1654017679344053 5.999994147467955 5.999997462936372
1.1662624782504574 5.99999468646214 5.99999757272164
1.1671231885665094 5.9999952571707516 5.999997595634457
1.1679838988825615 5.999995934625143 5.999997581864028
1.1688446091986133 5.99999652967446 5.999997568473496
1.1697053195146654 5.99999710155022 5.999997577491592
1.1705660298307172 5.999997468021048 5.999997615162688
1.1714267401467693 5.999997589875903 5.999997672650553
1.1722874504628213 5.999997460166319 5.9999977281421275
1.1731481607788734 5.9999969985090695 5.999997750051681
1.1740088710949255 6.9999737861309175 5.999997700819723
1.1748695814109773 6.9998957787348095 5.999997540571818
1.1757302917270294 6.999921387403718 5.999997229483606
1.1765910020430814 6.999854715442144 5.999996726548881
1.1774517123591333 6.9999301574684685 5.99999597812681
1.1783124226751853 6.999946606119571 5.999994866183495
1.1791731329912374 6.999771467539463 5.999992759223038
1.1800338433072892 6.999936473630359 5.9999931381619795
1.1808945536233413 6.99985688971525 5.999995960281845
1.1817552639393933 6.999924036970223 5.999996962373301
1.1826159742554454 6.999900104872383 5.999997437702961
1.1834766845714975 6.9999904891919 5.9999976235974755
1.1843373948875493 6.999925116590479 5.999997635819296
1.1851981052036014 6.999917929641149 5.99999755288997
1.1860588155196534 6.999973693642929 5.999997435334038
1.1869195258357053 6.999957991802321 5.999997330485357
1.1877802361517573 6.999947312572732 5.999997272970275
1.1886409464678092 6.999975021944079 5.9999972839661195
1.1895016567838612 6.999968911781633 5.999997370436775
1.1903623670999133 6.999936767118065 5.9999975248468616
1.1912230774159653 6.999944543613746 5.999997725502403
1.1920837877320174 6.9999838305909785 5.999997937397332
1.1929444980480692 6.999993211104248 5.999998144859622
1.1938052083641213 6.999962529796599 6.026965720410034
1.1946659186801734 6.999939049894359 6.12942724300838
1.1955266289962254 6.999949294800487 6.495965707245795
1.1963873393122773 6.999965584943397 6.941680551945373
1.1972480496283293 6.999953830201251 6.999395450738747
1.1981087599443812 6.999922886180121 6.998195883698771
1.1989694702604332 6.999920896195818 6.995329223498718
1.1998301805764853 6.999961870881423 6.975939358974752
1.2006908908925373 6.999951817851155 6.965523212608518
1.2015516012085894 6.99993485398458 6.968321083045751
1.2024123115246412 6.999941568662274 6.956167044931586
1.2032730218406933 6.999967964477672 6.97227868721025
1.2041337321567454 6.999991963565366 6.983280920625202
1.2049944424727974 6.999997369369725 6.992377400276759
1.2058551527888492 6.999985591279573 6.998285755981082
1.2067158631049013 6.999970193093852 6.99899309320348
1.2075765734209531 6.999963680911373 6.992865292332496
1.2084372837370052 6.999968649044567 6.977153366143259
1.2092979940530573 6.999978535215115 6.971478020522868
1.2101587043691093 6.999984827888035 6.9649131572431395
1.2110194146851614 6.9999838743162694 6.9806086485193015
1.2118801250012132 6.99997848801698 6.997239764297382
1.2127408353172653 6.999974323509138 6.999083959716677
1.2136015456333173 6.999974624456173 6.99416715409192
1.2144622559493692 6.9999774124466905 6.995459305495597
1.2153229662654212 6.999976951004087 6.999494229830265
1.216183676581473 6.999968442231481 6.999348656101048
1.2170443868975251 6.999952959558137 6.998360350978544
1.2179050972135772 6.999942920286305 6.998744537749301
1.2187658075296293 6.999952408275705 6.995885105819741
1.2196265178456813 6.999986903011563 6.9994035105319075
1.2204872281617332 6.999991544751448 6.99574669803291
1.2213479384777852 6.9999839994317865 6.999370990937064
1.2222086487938373 6.999973549637228 6.9993832746352815
1.2230693591098893 6.999967166398723 6.99824029901888
1.2239300694259412 6.999967932731226 6.998747510721688
1.2247907797419932 6.999974857980413 6.999457230187851
1.225651490058045 6.999984306989206 6.999735470197696
1.2265122003740971 6.999992131754671 6.9997562147469505
1.2273729106901492 6.999995510164543 6.9996693470568
1.2282336210062013 6.999993910147331 6.9995852196329125
1.2290943313222533 6.999988935018024 6.999696891272437
1.2299550416383054 6.999983296566601 6.999687528145912
1.2308157519543572 6.999979540918634 6.999365285293979
1.2316764622704093 6.999978995390392 6.999750234324942
1.2325371725864613 6.9999811388754605 6.999067309352689
1.2333978829025132 6.999984013403491 6.999124033595341
1.2342585932185652 6.999985443000007 6.999717262486805
1.235119303534617 6.999983921158204 6.999767470306529
1.2359800138506691 6.999978808119632 6.99979719242744
1.2368407241667212 6.99997263873802 6.9992490852067855
1.2377014344827733 6.99996539464438 6.995647004993698
1.2385621447988253 6.999971859653879 6.999867399333875
1.2394228551148772 6.999979801224446 6.9976990057809445
1.2402835654309292 6.999982057179699 6.9989569547584125
1.2411442757469813 6.999982092654644 6.999536537128649
1.2420049860630333 6.999982381264224 6.999290826890558
1.2428656963790852 6.999983580195888 6.998948441376032
1.2437264066951372 6.999986306700568 6.999892554778454
1.244587117011189 6.999989674674299 6.99939455178084
1.2454478273272411 6.999992768343929 6.999415268130667
1.2463085376432932 6.999994512978359 6.999863402308108
1.2471692479593453 6.999994249193133 6.999459900381505
1.248029958275397 6.999991945881863 6.99965915996825
1.2488906685914491 6.999988200386908 6.999580163482654
1.2497513789075012 7.999969037322733 6.999811211666793
1.2506120892235533 7.999850830152297 6.999761641530858
1.2514727995396053 7.999905266779105 6.999779050302694
1.2523335098556572 7.999862583075884 6.999845599540221
1.253194220171709 7.999846304006909 6.999735315794793
1.254054930487761 7.999884893011137 6.999803713258756
1.2549156408038131 7.999887182571453 6.9998676665002675
1.2557763511198652 7.9998047878721605 6.999822899193283
1.2566370614359172 7.999921424827798 6.999724513880015
1.2574977717519693 7.999861936042747 6.9996754216110295
1.2583584820680211 7.999918722358793 6.999852870547959
1.2592191923840732 7.999956796878051 6.9998507150588205
1.2600799027001253 7.999891139878205 6.999890861373382
1.260940613016177 7.999937117816777 6.999967027314115
1.2618013233322292 7.99997132916837 6.999899854616156
1.262662033648281 7.9999450881891185 6.999957074478713
1.263522743964333 7.999955399463957 6.9999544047628115
1.2643834542803851 7.999975540229932 6.999982845041955
1.2652441645964372 7.999949747961989 6.999939936934801
1.2661048749124892 7.999926569757783 6.999991801086646
1.266965585228541 7.999952681016375 6.999952390827234
1.2678262955445931 7.999986444046095 6.999952004917953
1.2686870058606452 7.999977258822097 6.999957608364486
1.2695477161766973 7.999944279562296 7.07410740021964
1.270408426492749 7.999935575212487 7.846045523105596
1.2712691368088012 7.9999543246838885 7.383694430781488
1.272129847124853 7.99996205831182 7.414865757291557
1.272990557440905 7.9999397442434885 7.483266091089297
1.2738512677569571 7.999915662218283 7.555712267533643
1.2747119780730092 7.99992032009445 7.648556574789336
1.275572688389061 7.999952092189232 7.7280518664668945
1.276433398705113 7.9999302370633485 7.795259195704932
1.2772941090211651 7.999919088981314 7.823450075429358
1.2781548193372172 7.9999416300472 7.878121605832049
1.2790155296532693 7.999971249559002 7.891308645347945
1.279876239969321 7.999989164761447 7.898860116089389
1.2807369502853732 7.999986735126169 7.902325896643699
1.281597660601425 7.999972014178241 7.906764766330843
1.282458370917477 7.999959835922157 7.924785957459467
1.2833190812335291 7.999959221398009 7.945575083677132
1.2841797915495812 7.999968333442092 7.962591311076773
1.2850405018656332 7.999978613430146 7.990084660967946
1.285901212181685 7.999982714137372 7.999111527297468
1.2867619224977371 7.999979609399201 7.996816957644882
1.2876226328137892 7.999973886678825 7.987303321029009
1.2884833431298413 7.999970952525433 7.990274300597468
1.289344053445893 7.999972352764996 7.998720448306761
1.290204763761945 7.999974604700352 7.99911834214523
1.291065474077997 7.999972089574158 7.9977704033603025
1.291926184394049 7.999961800794497 7.998979913203196
1.292786894710101 7.999946685008928 7.999745728102924
1.2936476050261532 7.999935145200841 7.9977242689593515
1.294508315342205 7.999968489923453 7.999717398706551
1.295369025658257 7.99998602498131 7.995213227018587
1.2962297359743091 7.999982489109463 7.9991690822498684
1.2970904462903612 7.999966586046228 7.9990678485539455
1.297951156606413 7.999958591716264 7.997755274929953
1.298811866922465 7.999956388309556 7.998865173861787
1.299672577238517 7.99996181198556 7.999784890396964
1.300533287554569 7.9999723851903495 7.999953172624971
1.301393997870621 7.999983669283116 7.99992375628655
1.302254708186673 7.999991570546928 7.999887710994767
1.303115418502725 7.999993987043076 7.999786792124315
1.303976128818777 7.999991304914414 7.999608546453108
1.304836839134829 7.999985781220403 7.999644873105949
1.3056975494508811 7.999980276177657 7.999709262096817
1.3065582597669332 7.999976963915474 7.999289763237429
1.307418970082985 7.999976544982466 7.999735372807254
1.308279680399037 7.999978197736065 7.999105722598032
1.309140390715089 7.999980177647372 7.998752434589499
1.310001101031141 7.999980728829282 7.999188904673853
1.310861811347193 7.999978881031168 7.999253842677997
1.311722521663245 7.999974760256893 7.998621190780763
1.3125832319792972 7.999969090910931 7.996475668400405
1.313443942295349 7.9999586306269705 7.998065494937617
1.314304652611401 7.999975267412023 7.997491376393549
1.3151653629274531 7.999978443365559 7.99996963207811
1.3160260732435052 7.9999750540431345 7.999517850971614
1.316886783559557 7.999968693217005 7.999496230029612
1.317747493875609 7.9999721583794745 7.999934737251215
1.318608204191661 7.999976371580428 7.999492650852319
1.319468914507713 7.999981555595963 7.999595897739889
