# t = 1
# W = 300
# L = 100
# xic = 1.1516471649044517
# plate_distance = 18.426354638471228
# E_dis = 0.00037699111843077514
# E_img = 4.341607527349606
# omB0 = 0.37699111843077515
# iter_dis = 1
# Ncore = 5
arrE G0 GIMG
1.1309733552923253 5.999997246230188 5.999997024083346
1.1318340656083774 5.999996663522639 5.99999622880214
1.1326947759244295 5.999995973100136 5.999994311870013
1.1335554862404813 5.999995283900613 5.999993116089216
1.1344161965565334 5.999994690498746 5.9999936523725825
1.1352769068725854 5.999994262701083 5.999995386322727
1.1361376171886375 5.999994034784024 5.999996822420493
1.1369983275046895 5.999993992798369 5.999996705103837
1.1378590378207414 5.999994055972674 5.999994915235429
1.1387197481367934 5.9999940462180605 5.999992526775226
1.1395804584528455 5.9999936550265085 5.999991077295279
1.1404411687688973 5.999992511908894 5.999991504779439
1.1413018790849494 5.999990455953843 5.999993136555255
1.1421625894010015 5.999990409448751 5.999993378013364
1.1430232997170533 5.999991762573665 5.999992273678538
1.1438840100331054 5.999992459201512 5.999991498862144
1.1447447203491574 5.999993205395722 5.99999222014465
1.1456054306652095 5.999994049112456 5.999994109720428
1.1464661409812615 5.9999949274123 5.99999626951663
1.1473268512973134 5.999995748916806 5.9999978287146485
1.1481875616133654 5.9999964210844405 5.999998323273647
1.1490482719294175 5.999996873899775 5.999997809716034
1.1499089822454693 5.999997097574699 5.9999967464415755
1.1507696925615214 5.999997139293142 5.999995741775744
1.1516304028775735 5.99999701767414 5.999995288154724
1.1524911131936253 5.999996695118435 5.999995579744277
1.1533518235096774 5.999996141020562 5.999996463410085
1.1542125338257294 5.999995383485575 5.999997520483197
1.1550732441417815 5.999994558793297 5.999998235690496
1.1559339544578335 5.999993932386806 5.999998189145999
1.1567946647738854 5.999993660507347 5.999997208815244
1.1576553750899374 5.999993560886775 5.999995439521425
1.1585160854059895 5.999993410158619 5.9999933118198845
1.1593767957220413 5.999993070568677 5.999991419187355
1.1602375060380934 5.999992106865939 5.999990307388201
1.1610982163541452 5.999992637589047 5.999994865724753
1.1619589266701973 5.999993907027112 5.9999973619645415
1.1628196369862493 5.999993768689122 5.99999756966864
1.1636803473023014 5.999993720207971 5.9999969727120135
1.1645410576183535 5.999994011102774 5.999996277998291
1.1654017679344053 5.9999941525621585 5.999995884904528
1.1662624782504574 5.999994685307995 5.9999959445418645
1.1671231885665094 5.999995253366251 5.9999964085731134
1.1679838988825615 5.999995926960555 5.999997098427669
1.1688446091986133 5.999996521686168 5.999997785681958
1.1697053195146654 5.999997094920376 5.999998267076531
1.1705660298307172 5.999997463760681 5.99999841956099
1.1714267401467693 5.99999759004572 5.999998226518168
1.1722874504628213 5.999997464869359 5.9999977732954495
1.1731481607788734 5.999997013178713 5.999997216572113
1.1740088710949255 6.9999850847828915 5.999996736680034
1.1748695814109773 6.999890138852376 5.99999648407393
1.1757302917270294 6.999925757768439 5.9999965304384135
1.1765910020430814 6.999858560468282 5.99999683110418
1.1774517123591333 6.999932528513863 5.999997196257594
1.1783124226751853 6.999946170570039 5.999997236436836
1.1791731329912374 6.999770823806363 5.9999958980411625
1.1800338433072892 6.999938406052997 5.999993345900827
1.1808945536233413 6.99985629295935 5.999994221449525
1.1817552639393933 6.999924563839134 5.999995107248604
1.1826159742554454 6.999900053018153 5.999996102386985
1.1834766845714975 6.999990455280076 5.999997109631595
1.1843373948875493 6.999925567410405 5.999997983126401
1.1851981052036014 6.9999178259786055 5.999998601892458
1.1860588155196534 6.999973620102228 5.999998899996691
1.1869195258357053 6.99995817141137 5.999998876390287
1.1877802361517573 6.999947334144166 5.99999858984787
1.1886409464678092 6.999974976817319 5.999998142959353
1.1895016567838612 6.999969024178953 5.999997659458401
1.1903623670999133 6.999936882101247 5.999997259365975
1.1912230774159653 6.999944495091746 5.999997036105445
1.1920837877320174 6.999983743149744 5.99999703890986
1.1929444980480692 6.999993246435064 5.999997262597822
1.1938052083641213 6.99996263886668 5.9999976452701835
1.1946659186801734 6.999939099950742 5.999998072675758
1.1955266289962254 6.999949282076104 5.999998385414359
1.1963873393122773 6.999965605163669 5.999998378970569
1.1972480496283293 6.99995389978358 5.999997757432587
1.1981087599443812 6.999922903580037 5.999995576167949
1.1989694702604332 6.999920811596111 5.999994300590067
1.1998301805764853 6.999961968301451 5.9999947649136205
1.2006908908925373 6.999951982555836 5.9999960001269015
1.2015516012085894 6.999934923747548 5.999996994975966
1.2024123115246412 6.9999414968247855 5.999997778800418
1.2032730218406933 6.999967830817532 5.999998328634102
1.2041337321567454 6.999991882390915 5.999998640414293
1.2049944424727974 6.999997394230973 5.999998737489482
1.2058551527888492 6.999985689506012 5.999998666280958
1.2067158631049013 6.999970289691798 5.999998487257743
1.2075765734209531 6.999963721104206 5.999998264433674
1.2084372837370052 6.999968630048715 5.99999805537345
1.2092979940530573 6.999978493363597 5.999997904245799
1.2101587043691093 6.999984802081607 5.999998044772442
1.2110194146851614 6.999983877690573 6.001956312024821
1.2118801250012132 6.999978506058069 6.087628022653396
1.2127408353172653 6.999974334056274 6.182453666352343
1.2136015456333173 6.999974620271102 6.7224022965929375
1.2144622559493692 6.999977408073594 6.4324624101882115
1.2153229662654212 6.999976968367995 6.316546425623586
1.216183676581473 6.999968483835201 6.996174779424508
1.2170443868975251 6.999952989892206 6.392433312279441
1.2179050972135772 6.999942889456075 6.920853736741619
1.2187658075296293 6.999952271067839 6.527420277081781
1.2196265178456813 6.999986861972007 6.869851027071083
1.2204872281617332 6.999991587327953 6.593361365811879
1.2213479384777852 6.999984088684191 6.897088777097966
1.2222086487938373 6.999973635644439 6.652193738077447
1.2230693591098893 6.999967209647466 6.932650964399104
1.2239300694259412 6.999967919195389 6.700500720528701
1.2247907797419932 6.999974800501016 6.96304214074345
1.225651490058045 6.999984235055227 6.747094091770003
1.2265122003740971 6.999992076747173 6.97832695997054
1.2273729106901492 6.99999549244139 6.781915212662514
1.2282336210062013 6.9999939321742985 6.987710309250567
1.2290943313222533 6.99998898267544 6.818200965919195
1.2299550416383054 6.999983346862855 6.989995755962296
1.2308157519543572 6.999979572099032 6.845969897865379
1.2316764622704093 6.999978996493807 6.991762626950789
1.2325371725864613 6.999981114337112 6.880604507997052
1.2333978829025132 6.999983978005096 6.988119357038948
1.2342585932185652 6.9999854139851365 6.902575324238486
1.235119303534617 6.999983912550592 6.9863304887794895
1.2359800138506691 6.99997882664428 6.936527054036472
1.2368407241667212 6.9999726693308 6.977119735392594
1.2377014344827733 6.9999654162334055 6.958195656491078
1.2385621447988253 6.999971847628654 6.974950071272311
1.2394228551148772 6.999979787677933 6.977923934402401
1.2402835654309292 6.999982052920353 6.968325090341016
1.2411442757469813 6.999982092974799 6.992774889974968
1.2420049860630333 6.999982382275351 6.96573705748199
1.2428656963790852 6.9999835762373985 6.9998236964931735
1.2437264066951372 6.99998629728088 6.970124603252357
1.244587117011189 6.999989660859014 6.996484216192743
1.2454478273272411 6.999992756435336 6.983308241946501
1.2463085376432932 6.9999945083451145 6.9874420615286965
1.2471692479593453 6.999994254334571 6.996797229375205
1.248029958275397 6.999991962129343 6.983665852232645
1.2488906685914491 6.999988226452104 6.998670725708107
1.2497513789075012 7.999972250705099 6.9900078212938475
1.2506120892235533 7.999857325399474 6.992069815673091
1.2514727995396053 7.9999016385464845 6.9993386718058845
1.2523335098556572 7.99985943966724 6.992573309881509
1.253194220171709 7.999846723677999 6.996333198312119
1.254054930487761 7.999887476042334 6.99898719326019
1.2549156408038131 7.999884409150666 6.994353957532959
1.2557763511198652 7.999807080835024 6.9980515908973695
1.2566370614359172 7.999920816102374 6.999434792867178
1.2574977717519693 7.999862639502427 6.997494233105564
1.2583584820680211 7.999918380277728 6.99913181934445
1.2592191923840732 7.999957082298288 6.999766921657748
1.2600799027001253 7.999891361119191 6.998431845551158
1.260940613016177 7.999936893955675 6.9989730850048115
1.2618013233322292 7.9999713816037525 6.999975911939646
1.262662033648281 7.999945232791898 6.999390766693742
1.263522743964333 7.999955361082016 6.9988181852611495
1.2643834542803851 7.999975563737949 6.9994223710401045
1.2652441645964372 7.999949905331356 6.999988228629712
1.2661048749124892 7.999926629771302 6.999701320582883
1.266965585228541 7.999952591377267 6.999259067833281
1.2678262955445931 7.999986390833044 6.999333198899409
1.2686870058606452 7.999977329956485 6.999731241663296
1.2695477161766973 7.99994436481334 6.999977811987817
1.270408426492749 7.999935581170052 6.999922318691762
1.2712691368088012 7.999954307629374 6.999740962836442
1.272129847124853 7.999962101682269 6.99961717941833
1.272990557440905 7.999939806016807 6.999605551984218
1.2738512677569571 7.999915632337589 6.999661418606306
1.2747119780730092 7.999920259099787 6.999728692225023
1.275572688389061 7.99995223400349 6.999777238610473
1.276433398705113 7.9999303647764135 6.999786154788168
1.2772941090211651 7.999919082261754 6.999833186828409
1.2781548193372172 7.999941515600682 6.999952550569419
1.2790155296532693 7.99997112701228 6.999981148349926
1.279876239969321 7.999989128009054 6.999990202412101
1.2807369502853732 7.999986798435053 6.999990533058536
1.281597660601425 7.99997211865384 6.999985857664991
1.282458370917477 7.999959908041801 6.999978875481614
1.2833190812335291 7.999959227286237 6.999973204049886
1.2841797915495812 7.999968291587313 6.999973246063231
1.2850405018656332 7.999978567896574 6.9999815888965875
1.285901212181685 7.999982697172268 6.999996082349841
1.2867619224977371 7.999979622281276 7.027998499786839
1.2876226328137892 7.9999739080213965 7.16841135894282
1.2884833431298413 7.999970961902709 7.182850536145833
1.289344053445893 7.999972348849678 7.233584374635762
1.290204763761945 7.999974604084641 7.964787655721428
1.291065474077997 7.999972107821766 7.364979136472717
1.291926184394049 7.999961830137295 7.58152304923017
1.292786894710101 7.999946685784116 7.600487545525398
1.2936476050261532 7.999935058310285 7.573742581116484
1.294508315342205 7.999968380587064 7.785788076750493
1.295369025658257 7.99998601461276 7.6019151371732265
1.2962297359743091 7.99998256523919 7.833229150112159
1.2970904462903612 7.99996670568155 7.667789170320922
1.297951156606413 7.999958675704405 7.854979507137792
1.298811866922465 7.999956407518472 7.735227391263457
1.299672577238517 7.999961766349203 7.866711371041154
1.300533287554569 7.999972300028111 7.798398550465289
1.301393997870621 7.999983581574178 7.881389308486343
1.302254708186673 7.999991512733732 7.84229910107122
1.303115418502725 7.999993975212747 7.891424503249244
1.303976128818777 7.999991335249433 7.878868845789621
1.304836839134829 7.999985834714445 7.90835775590963
1.3056975494508811 7.999980328426323 7.899858654169123
1.3065582597669332 7.999976995385066 7.923092034632883
1.307418970082985 7.999976547720361 7.919409992745586
1.308279680399037 7.999978176467509 7.947381025787907
1.309140390715089 7.9999801456342166 7.923732011471839
1.310001101031141 7.999980700802198 7.963238619732092
1.310861811347193 7.999978866320242 7.9359683161086005
1.311722521663245 7.999974758775856 7.985328619659552
1.3125832319792972 7.999969093025546 7.937254484085982
1.313443942295349 7.999958615428804 7.995200051676669
1.314304652611401 7.999975242581326 7.94908609319853
1.3151653629274531 7.999978438629084 7.999597628312749
1.3160260732435052 7.999975075905804 7.957086593750942
1.316886783559557 7.999968719687058 7.996609609130106
1.317747493875609 7.999972165821416 7.971245093237653
1.318608204191661 7.999976362897597 7.987707890326577
1.319468914507713 7.999981535291717 7.986939693974791
